1346051468 25374.85 100958.19 0.00 0.47 0.07 0.18 0.01 0.00 0.00 99.08 7913500 7850144 63356 0.00 0.03 0.05 2134244 6989008 4896 46859084 92101440 141523860 8280 8 125 5 0 1 1 1 1 1 00000075 00000000 00000002 00000027 00000000 00000000 00000084 00000000
1346051488 25395.01 101038.42 0.00 0.47 0.07 0.18 0.01 0.00 0.00 99.08 7913500 7850400 63100 0.36 0.11 0.08 2134252 6989000 4900 46859080 92101440 141523860 8280 8 125 5 0 1 1 1 1 1 00000075 00000000 00000002 00000027 00000000 00000000 00000084 00000000
1346051508 25415.16 101118.77 0.00 0.47 0.07 0.18 0.01 0.00 0.00 99.08 7913500 7849896 63604 0.32 0.11 0.08 2134264 6988988 4900 46859080 92101440 141523860 8280 8 125 5 0 1 1 1 1 1 00000075 00000000 00000002 00000027 00000000 00000000 00000084 00000000
1346051529 25435.31 101198.98 0.00 0.47 0.07 0.18 0.01 0.00 0.00 99.08 7913500 7850524 62976 0.23 0.11 0.08 2134276 6988976 4900 46859080 92101440 141523860 8280 8 125 5 0 1 1 1 1 1 00000075 00000000 00000002 00000027 00000000 00000000 00000084 00000000
1346051549 25455.46 101279.23 0.00 0.47 0.07 0.18 0.01 0.00 0.00 99.08 7913500 7850020 63480 0.16 0.10 0.08 2134288 6988964 4924 46859056 92101440 141523860 8280 8 125 5 0 1 1 1 1 1 00000075 00000000 00000002 00000027 00000000 00000000 00000084 00000000
1346051569 25475.61 101359.83 0.00 0.47 0.07 0.18 0.01 0.00 0.00 99.08 7913500 7850028 63472 0.11 0.09 0.07 2134304 6988948 4924 46859056 92101440 141523860 8280 8 125 5 0 1 1 1 1 1 00000075 00000000 00000002 00000027 00000000 00000000 00000084 00000000
1346051589 25495.76 101440.07 0.00 0.47 0.07 0.18 0.01 0.00 0.00 99.09 7913500 7850028 63472 0.08 0.08 0.07 2134316 6988936 4932 46859048 92101440 141523860 8280 8 125 5 0 1 1 1 1 1 00000075 00000000 00000002 00000027 00000000 00000000 00000084 00000000
1346051609 25515.92 101519.85 0.00 0.47 0.07 0.18 0.01 0.00 0.00 99.09 7913500 7850268 63232 0.26 0.13 0.09 2134324 6988928 4940 46859040 92101440 141523860 8280 8 125 5 0 1 1 1 1 1 00000075 00000000 00000002 00000027 00000000 00000000 00000084 00000000
1346051629 25536.07 101600.28 0.00 0.47 0.07 0.18 0.01 0.00 0.00 99.09 7913500 7850152 63348 0.51 0.19 0.11 2134344 6988908 4940 46859040 92101440 141523860 8280 8 125 5 0 1 1 1 1 1 00000075 00000000 00000002 00000027 00000000 00000000 00000084 00000000
1346051649 25556.24 101681.34 0.00 0.47 0.07 0.18 0.01 0.00 0.00 99.09 7913500 7850136 63364 0.37 0.18 0.11 2134352 6988900 4940 46859040 92101440 141523860 8280 8 125 5 0 1 1 1 1 1 00000075 00000000 00000002 00000027 00000000 00000000 00000084 00000000
1346051670 25576.39 101761.38 0.00 0.47 0.07 0.18 0.01 0.00 0.00 99.09 7913500 7850392 63108 0.39 0.20 0.11 2134364 6988888 4940 46859040 92101440 141523860 8280 8 125 5 0 1 1 1 1 1 00000075 00000000 00000002 00000027 00000000 00000000 00000084 00000000
1346051690 25596.55 101841.69 0.00 0.47 0.07 0.18 0.01 0.00 0.00 99.09 7913500 7850276 63224 0.28 0.19 0.11 2134380 6988872 4940 46859040 92101440 141523860 8280 8 125 5 0 1 1 1 1 1 00000075 00000000 00000002 00000027 00000000 00000000 00000084 00000000
1346051710 25616.70 101921.59 0.00 0.47 0.07 0.18 0.01 0.00 0.00 99.09 7913500 7850284 63216 0.33 0.20 0.12 2134388 6988864 4940 46859040 92101440 141523860 8280 8 125 5 0 1 1 1 1 1 00000075 00000000 00000002 00000027 00000000 00000000 00000084 00000000
1346051730 25636.86 102001.97 0.00 0.47 0.07 0.18 0.01 0.00 0.00 99.09 7913500 7850136 63364 0.24 0.19 0.11 2134404 6988848 4940 46859040 92101440 141523860 8280 8 125 5 0 1 1 1 1 1 00000075 00000000 00000002 00000027 00000000 00000000 00000084 00000000
1346051750 25657.02 102083.23 0.00 0.47 0.07 0.18 0.01 0.00 0.00 99.09 7913500 7850400 63100 0.17 0.18 0.11 2134416 6988836 4940 46859040 92101440 141523860 8280 8 125 5 0 1 1 1 1 1 00000075 00000000 00000002 00000027 00000000 00000000 00000084 00000000
1346051770 25677.18 102163.42 0.00 0.47 0.07 0.18 0.01 0.00 0.00 99.09 7913500 7850176 63324 0.12 0.17 0.10 2134432 6988820 4964 46859016 92101440 141523860 8280 8 125 5 0 1 1 1 1 1 00000075 00000000 00000002 00000027 00000000 00000000 00000084 00000000
1346051791 25697.33 102243.81 0.00 0.47 0.07 0.18 0.01 0.00 0.00 99.09 7913500 7850416 63084 0.08 0.15 0.10 2134440 6988812 4964 46859016 92101440 141523860 8280 8 125 5 0 1 1 1 1 1 00000075 00000000 00000002 00000027 00000000 00000000 00000084 00000000
1346051811 25717.49 102324.36 0.00 0.47 0.07 0.18 0.01 0.00 0.00 99.09 7913500 7850136 63364 0.06 0.14 0.10 2134452 6988800 4968 46859012 92101440 141523860 8280 8 125 5 0 1 1 1 1 1 00000075 00000000 00000002 00000027 00000000 00000000 00000084 00000000
1346051831 25737.65 102404.67 0.00 0.47 0.07 0.18 0.01 0.00 0.00 99.09 7913500 7850284 63216 0.11 0.15 0.10 2134468 6988784 4976 46859004 92101440 141523860 8280 8 125 5 0 1 1 1 1 1 00000075 00000000 00000002 00000027 00000000 00000000 00000084 00000000
1346051851 25757.81 102485.11 0.00 0.47 0.07 0.18 0.01 0.00 0.00 99.09 7913500 7850424 63076 0.08 0.14 0.09 2134484 6988768 4984 46858996 92101440 141523860 8280 8 125 5 0 1 1 1 1 1 00000075 00000000 00000002 00000027 00000000 00000000 00000084 00000000
1346051871 25777.97 102565.11 0.00 0.47 0.07 0.18 0.01 0.00 0.00 99.09 7913500 7850672 62828 0.06 0.13 0.09 2134500 6988752 4984 46858996 92101440 141523860 8280 8 125 5 0 1 1 1 1 1 00000075 00000000 00000002 00000027 00000000 00000000 00000084 00000000
1346051891 25798.13 102646.33 0.00 0.47 0.07 0.18 0.01 0.00 0.00 99.09 7913500 7850152 63348 0.04 0.12 0.09 2134508 6988744 4984 46858996 92101440 141523860 8280 8 125 5 0 1 1 1 1 1 00000075 00000000 00000002 00000027 00000000 00000000 00000084 00000000
1346051912 25818.28 102727.15 0.00 0.47 0.07 0.18 0.01 0.00 0.00 99.09 7913500 7850416 63084 0.03 0.11 0.09 2134524 6988728 4984 46858996 92101440 141523860 8280 8 125 5 0 1 1 1 1 1 00000075 00000000 00000002 00000027 00000000 00000000 00000084 00000000
1346051932 25838.43 102807.72 0.00 0.47 0.07 0.18 0.01 0.00 0.00 99.09 7913500 7850284 63216 0.02 0.10 0.08 2134536 6988716 4984 46858996 92101440 141523860 8280 8 125 5 0 1 1 1 1 1 00000075 00000000 00000002 00000027 00000000 00000000 00000084 00000000
1346051952 25858.60 102888.10 0.00 0.47 0.07 0.18 0.01 0.00 0.00 99.09 7913500 7850408 63092 0.01 0.09 0.08 2134544 6988708 4984 46858996 92101440 141523860 8280 8 125 5 0 1 1 1 1 1 00000075 00000000 00000002 00000027 00000000 00000000 00000084 00000000
1346051972 25878.75 102964.21 0.00 0.48 0.07 0.18 0.01 0.00 0.00 99.08 7913500 7827424 86076 0.45 0.18 0.11 2134576 6988676 4984 46858996 94046748 139578552 8455 8 125 5 0 1 1 1 1 1 00000077 00000001 00000000 00000027 000000b0 00000000 00000087 00000000
1346051992 25898.93 103039.03 0.00 0.48 0.07 0.18 0.01 0.00 0.00 99.08 7913500 7845092 68408 0.62 0.24 0.13 2134608 6988644 4984 46858996 96058752 137566548 8637 8 125 5 0 1 1 1 1 1 0000007a 00000001 00000001 00000028 000000a8 00000000 0000008a 00000000
1346052012 25919.12 103114.62 0.00 0.48 0.07 0.18 0.01 0.00 0.00 99.07 7913500 7854192 59308 0.67 0.27 0.14 2134636 6988616 5008 46858972 98370892 135254408 8846 8 125 5 0 1 1 1 1 1 0000007d 00000001 00000002 00000029 00000058 00000000 0000008d 00000000
1346052033 25939.32 103192.93 0.00 0.48 0.07 0.18 0.01 0.00 0.00 99.07 7913500 7822864 90636 0.48 0.25 0.14 2134660 6988592 5008 46858972 99082316 134542984 8908 8 125 5 0 1 1 1 1 1 0000007e 00000000 00000002 0000002a 00000000 00000000 0000008e 00000000
1346052053 25959.49 103272.72 0.00 0.48 0.07 0.18 0.01 0.00 0.00 99.07 7913500 7824028 89472 0.34 0.23 0.13 2134672 6988580 5008 46858972 99082316 134542984 8908 8 125 5 0 1 1 1 1 1 0000007e 00000000 00000002 0000002a 00000000 00000000 0000008e 00000000
1346052073 25979.65 103353.25 0.00 0.48 0.07 0.18 0.01 0.00 0.00 99.07 7913500 7823748 89752 0.25 0.22 0.13 2134684 6988568 5016 46858964 99082316 134542984 8908 8 125 5 0 1 1 1 1 1 0000007e 00000000 00000002 0000002a 00000000 00000000 0000008e 00000000
1346052093 25999.81 103433.80 0.00 0.48 0.07 0.18 0.01 0.00 0.00 99.07 7913500 7823880 89620 0.17 0.20 0.13 2134704 6988548 5024 46858956 99082316 134542984 8908 8 125 5 0 1 1 1 1 1 0000007e 00000000 00000002 0000002a 00000000 00000000 0000008e 00000000
1346052113 26019.97 103513.39 0.00 0.48 0.07 0.18 0.01 0.00 0.00 99.07 7913500 7823764 89736 0.12 0.19 0.12 2134708 6988544 5024 46858956 99082316 134542984 8908 8 125 5 0 1 1 1 1 1 0000007e 00000000 00000002 0000002a 00000000 00000000 0000008e 00000000
1346052133 26040.13 103594.12 0.00 0.48 0.07 0.18 0.01 0.00 0.00 99.07 7913500 7824004 89496 0.09 0.18 0.12 2134724 6988528 5028 46858952 99082316 134542984 8908 8 125 5 0 1 1 1 1 1 0000007e 00000000 00000002 0000002a 00000000 00000000 0000008e 00000000
1346052154 26060.29 103674.85 0.00 0.48 0.07 0.18 0.01 0.00 0.00 99.07 7913500 7824004 89496 0.06 0.16 0.11 2134736 6988516 5028 46858952 99082316 134542984 8908 8 125 5 0 1 1 1 1 1 0000007e 00000000 00000002 0000002a 00000000 00000000 0000008e 00000000
1346052174 26080.45 103755.22 0.00 0.48 0.07 0.18 0.01 0.00 0.00 99.07 7913500 7824392 89108 0.33 0.22 0.13 2134748 6988504 5028 46858952 99082316 134542984 8908 8 125 5 0 1 1 1 1 1 0000007e 00000000 00000002 0000002a 00000000 00000000 0000008e 00000000
1346052194 26100.61 103835.61 0.00 0.48 0.07 0.18 0.01 0.00 0.00 99.07 7913500 7824136 89364 0.23 0.20 0.13 2134764 6988488 5028 46858952 99082316 134542984 8908 8 125 5 0 1 1 1 1 1 0000007e 00000000 00000002 0000002a 00000000 00000000 0000008e 00000000
1346052214 26120.76 103916.64 0.00 0.48 0.07 0.18 0.01 0.00 0.00 99.07 7913500 7824392 89108 0.17 0.19 0.12 2134776 6988476 5028 46858952 99082316 134542984 8908 8 125 5 0 1 1 1 1 1 0000007e 00000000 00000002 0000002a 00000000 00000000 0000008e 00000000
1346052234 26140.92 103996.99 0.00 0.48 0.07 0.18 0.01 0.00 0.00 99.07 7913500 7824392 89108 0.12 0.17 0.12 2134784 6988468 5052 46858928 99082316 134542984 8908 8 125 5 0 1 1 1 1 1 0000007e 00000000 00000002 0000002a 00000000 00000000 0000008e 00000000
1346052254 26161.08 104076.97 0.00 0.48 0.07 0.18 0.01 0.00 0.00 99.07 7913500 7824276 89224 0.08 0.16 0.12 2134800 6988452 5052 46858928 99082316 134542984 8908 8 125 5 0 1 1 1 1 1 0000007e 00000000 00000002 0000002a 00000000 00000000 0000008e 00000000
1346052274 26181.24 104157.16 0.00 0.48 0.07 0.18 0.01 0.00 0.00 99.07 7913500 7824408 89092 0.06 0.15 0.11 2134812 6988440 5052 46858928 99082316 134542984 8908 8 125 5 0 1 1 1 1 1 0000007e 00000000 00000002 0000002a 00000000 00000000 0000008e 00000000
1346052295 26201.39 104237.72 0.00 0.48 0.07 0.17 0.01 0.00 0.00 99.07 7913500 7824260 89240 0.04 0.14 0.11 2134824 6988428 5060 46858920 99082316 134542984 8908 8 125 5 0 1 1 1 1 1 0000007e 00000000 00000002 0000002a 00000000 00000000 0000008e 00000000
1346052315 26221.55 104318.34 0.00 0.48 0.07 0.18 0.01 0.00 0.00 99.07 7913500 7824540 88960 0.03 0.13 0.10 2134840 6988412 5068 46858912 99082316 134542984 8908 8 125 5 0 1 1 1 1 1 0000007e 00000000 00000002 0000002a 00000000 00000000 0000008e 00000000
1346052335 26241.71 104398.58 0.00 0.48 0.07 0.18 0.01 0.00 0.00 99.07 7913500 7824912 88588 0.02 0.12 0.10 2134848 6988404 5080 46858900 99082316 134542984 8908 8 128 5 0 1 1 1 1 1 0000007e 00000000 00000002 0000002a 00000000 00000000 0000008e 00000000
1346052355 26261.87 104478.95 0.00 0.48 0.07 0.17 0.01 0.00 0.00 99.07 7913500 7824532 88968 0.01 0.11 0.10 2134864 6988388 5080 46858900 99082316 134542984 8908 8 128 5 0 1 1 1 1 1 0000007e 00000000 00000002 0000002a 00000000 00000000 0000008e 00000000
1346052375 26282.03 104559.24 0.00 0.48 0.07 0.18 0.01 0.00 0.00 99.07 7913500 7824648 88852 0.01 0.10 0.09 2134876 6988376 5080 46858900 99082316 134542984 8908 8 128 5 0 1 1 1 1 1 0000007e 00000000 00000002 0000002a 00000000 00000000 0000008e 00000000
1346052395 26302.19 104640.35 0.00 0.48 0.07 0.17 0.01 0.00 0.00 99.08 7913500 7825020 88480 0.01 0.10 0.09 2134892 6988360 5084 46858896 99082316 134542984 8908 8 129 5 0 1 1 1 1 1 0000007e 00000000 00000002 0000002a 00000000 00000000 0000008e 00000000
1346052416 26322.35 104720.79 0.00 0.48 0.07 0.18 0.01 0.00 0.00 99.08 7913500 7824508 88992 0.00 0.09 0.09 2134908 6988344 5088 46858892 99082316 134542984 8908 8 130 5 0 1 1 1 1 1 0000007e 00000000 00000002 0000002a 00000000 00000000 0000008e 00000000
1346052436 26342.51 104801.10 0.00 0.48 0.07 0.17 0.01 0.00 0.00 99.08 7913500 7824896 88604 0.00 0.08 0.09 2134920 6988332 5088 46858892 99082316 134542984 8908 8 130 5 0 1 1 1 1 1 0000007e 00000000 00000002 0000002a 00000000 00000000 0000008e 00000000
1346052456 26362.67 104881.64 0.00 0.48 0.07 0.18 0.01 0.00 0.00 99.08 7913500 7825020 88480 0.13 0.11 0.09 2134936 6988316 5092 46858888 99082316 134542984 8908 8 130 5 0 1 1 1 1 1 0000007e 00000000 00000002 0000002a 00000000 00000000 0000008e 00000000
1346052476 26382.83 104961.90 0.00 0.48 0.07 0.18 0.01 0.00 0.00 99.08 7913500 7824648 88852 0.35 0.16 0.11 2134952 6988300 5092 46858888 99082316 134542984 8908 8 130 5 0 1 1 1 1 1 0000007e 00000000 00000002 0000002a 00000000 00000000 0000008e 00000000
1346052496 26402.98 105042.45 0.00 0.48 0.07 0.18 0.01 0.00 0.00 99.08 7913500 7824268 89232 0.25 0.15 0.11 2134972 6988280 5092 46858888 99082316 134542984 8908 8 130 5 0 1 1 1 1 1 0000007e 00000000 00000002 0000002a 00000000 00000000 0000008e 00000000
1346052516 26423.14 105122.77 0.00 0.48 0.07 0.18 0.01 0.00 0.00 99.08 7913500 7824664 88836 0.18 0.14 0.10 2134980 6988272 5092 46858888 99082316 134542984 8908 8 130 5 0 1 1 1 1 1 0000007e 00000000 00000002 0000002a 00000000 00000000 0000008e 00000000
1346052537 26443.31 105203.19 0.00 0.48 0.07 0.18 0.01 0.00 0.00 99.08 7913500 7824788 88712 0.12 0.13 0.10 2135000 6988252 5092 46858888 99082316 134542984 8908 8 130 5 0 1 1 1 1 1 0000007e 00000000 00000002 0000002a 00000000 00000000 0000008e 00000000
1346052557 26463.46 105283.86 0.00 0.48 0.07 0.18 0.01 0.00 0.00 99.08 7913500 7824524 88976 0.09 0.12 0.09 2135016 6988236 5116 46858864 99082316 134542984 8908 8 130 5 0 1 1 1 1 1 0000007e 00000000 00000002 0000002a 00000000 00000000 0000008e 00000000
1346052577 26483.63 105364.26 0.00 0.48 0.07 0.18 0.01 0.00 0.00 99.08 7913500 7824632 88868 0.06 0.11 0.09 2135028 6988224 5116 46858864 99082316 134542984 8908 8 130 5 0 1 1 1 1 1 0000007e 00000000 00000002 0000002a 00000000 00000000 0000008e 00000000
1346052597 26503.79 105444.32 0.00 0.48 0.07 0.18 0.01 0.00 0.00 99.08 7913500 7824896 88604 0.04 0.10 0.09 2135048 6988204 5116 46858864 99082316 134542984 8908 8 130 5 0 1 1 1 1 1 0000007e 00000000 00000002 0000002a 00000000 00000000 0000008e 00000000
1346052617 26523.95 105524.97 0.00 0.48 0.07 0.18 0.01 0.00 0.00 99.08 7913500 7824896 88604 0.03 0.10 0.09 2135060 6988192 5124 46858856 99082316 134542984 8908 8 130 5 0 1 1 1 1 1 0000007e 00000000 00000002 0000002a 00000000 00000000 0000008e 00000000
1346052637 26544.11 105605.16 0.00 0.48 0.07 0.18 0.01 0.00 0.00 99.08 7913500 7825020 88480 0.02 0.09 0.08 2135080 6988172 5132 46858848 99082316 134542984 8908 8 130 5 0 1 1 1 1 1 0000007e 00000000 00000002 0000002a 00000000 00000000 0000008e 00000000
1346052658 26564.27 105684.72 0.00 0.48 0.07 0.18 0.01 0.00 0.00 99.08 7913500 7825144 88356 0.01 0.08 0.08 2135092 6988160 5132 46858848 99082316 134542984 8908 8 130 5 0 1 1 1 1 1 0000007e 00000000 00000002 0000002a 00000000 00000000 0000008e 00000000
1346052678 26584.43 105765.26 0.00 0.48 0.07 0.18 0.01 0.00 0.00 99.08 7913500 7825292 88208 0.01 0.08 0.08 2135104 6988148 5132 46858848 99082316 134542984 8908 8 130 5 0 1 1 1 1 1 0000007e 00000000 00000002 0000002a 00000000 00000000 0000008e 00000000
1346052698 26604.59 105845.62 0.00 0.48 0.07 0.18 0.01 0.00 0.00 99.08 7913500 7824772 88728 0.01 0.07 0.08 2135128 6988124 5132 46858848 99082316 134542984 8908 8 130 5 0 1 1 1 1 1 0000007e 00000000 00000002 0000002a 00000000 00000000 0000008e 00000000
1346052718 26624.75 105925.59 0.00 0.48 0.07 0.18 0.01 0.00 0.00 99.08 7913500 7825152 88348 0.00 0.06 0.08 2135140 6988112 5132 46858848 99082316 134542984 8908 8 130 5 0 1 1 1 1 1 0000007e 00000000 00000002 0000002a 00000000 00000000 0000008e 00000000
1346052738 26644.92 106006.27 0.00 0.48 0.07 0.18 0.01 0.00 0.00 99.08 7913500 7824756 88744 0.22 0.11 0.09 2135156 6988096 5132 46858848 99082316 134542984 8908 8 130 5 0 1 1 1 1 1 0000007e 00000000 00000002 0000002a 00000000 00000000 0000008e 00000000
1346052758 26665.08 106086.62 0.00 0.48 0.07 0.18 0.01 0.00 0.00 99.08 7913500 7825144 88356 0.29 0.13 0.10 2135172 6988080 5132 46858848 99082316 134542984 8908 8 130 5 0 1 1 1 1 1 0000007e 00000000 00000002 0000002a 00000000 00000000 0000008e 00000000
1346052778 26685.23 106166.92 0.00 0.48 0.07 0.18 0.01 0.00 0.00 99.08 7913500 7825136 88364 0.21 0.12 0.09 2135184 6988068 5160 46858820 99082316 134542984 8908 8 130 5 0 1 1 1 1 1 0000007e 00000000 00000002 0000002a 00000000 00000000 0000008e 00000000
1346052799 26705.40 106246.98 0.00 0.48 0.07 0.18 0.01 0.00 0.00 99.08 7913500 7824756 88744 0.15 0.11 0.09 2135200 6988052 5160 46858820 99082316 134542984 8908 8 130 5 0 1 1 1 1 1 0000007e 00000000 00000002 0000002a 00000000 00000000 0000008e 00000000
1346052819 26725.56 106327.18 0.00 0.48 0.07 0.18 0.01 0.00 0.00 99.08 7913500 7825664 87836 0.10 0.11 0.09 2135216 6988036 5160 46858820 99082316 134542984 8908 8 130 5 0 1 1 1 1 1 0000007e 00000000 00000002 0000002a 00000000 00000000 0000008e 00000000
1346052839 26745.72 106407.53 0.00 0.48 0.07 0.18 0.01 0.00 0.00 99.08 7913500 7825276 88224 0.07 0.10 0.09 2135236 6988016 5168 46858812 99082316 134542984 8908 8 130 5 0 1 1 1 1 1 0000007e 00000000 00000002 0000002a 00000000 00000000 0000008e 00000000
1346052859 26765.88 106487.87 0.00 0.48 0.07 0.18 0.01 0.00 0.00 99.08 7913500 7824756 88744 0.13 0.11 0.09 2135244 6988008 5176 46858804 99082316 134542984 8908 8 130 5 0 1 1 1 1 1 0000007e 00000000 00000002 0000002a 00000000 00000000 0000008e 00000000
1346052879 26786.04 106568.33 0.00 0.48 0.07 0.18 0.01 0.00 0.00 99.08 7913500 7825136 88364 0.30 0.15 0.10 2135264 6987988 5176 46858804 99082316 134542984 8908 8 130 5 0 1 1 1 1 1 0000007e 00000000 00000002 0000002a 00000000 00000000 0000008e 00000000
1346052899 26806.19 106648.52 0.00 0.48 0.07 0.18 0.01 0.00 0.00 99.08 7913500 7825020 88480 0.21 0.14 0.10 2135280 6987972 5176 46858804 99082316 134542984 8908 8 130 5 0 1 1 1 1 1 0000007e 00000000 00000002 0000002a 00000000 00000000 0000008e 00000000
1346052920 26826.36 106728.45 0.00 0.48 0.07 0.18 0.01 0.00 0.00 99.08 7913500 7825012 88488 0.15 0.13 0.09 2135296 6987956 5176 46858804 99082316 134542984 8908 8 130 5 0 1 1 1 1 1 0000007e 00000000 00000002 0000002a 00000000 00000000 0000008e 00000000
1346052940 26846.52 106808.76 0.00 0.48 0.07 0.18 0.01 0.00 0.00 99.08 7913500 7825804 87696 0.11 0.12 0.09 2135312 6987940 5176 46858804 99082316 134542984 8908 8 130 5 0 1 1 1 1 1 0000007e 00000000 00000002 0000002a 00000000 00000000 0000008e 00000000
1346052960 26866.67 106889.06 0.00 0.48 0.07 0.18 0.01 0.00 0.00 99.08 7913500 7825168 88332 0.08 0.11 0.09 2135324 6987928 5176 46858804 99082316 134542984 8908 8 130 5 0 1 1 1 1 1 0000007e 00000000 00000002 0000002a 00000000 00000000 0000008e 00000000
1346052980 26886.84 106969.18 0.00 0.48 0.07 0.18 0.01 0.00 0.00 99.08 7913500 7825268 88232 0.05 0.10 0.09 2135344 6987908 5176 46858804 99082316 134542984 8908 8 130 5 0 1 1 1 1 1 0000007e 00000000 00000002 0000002a 00000000 00000000 0000008e 00000000
1346053000 26906.99 107049.37 0.00 0.48 0.07 0.18 0.01 0.00 0.00 99.08 7913500 7825408 88092 0.04 0.09 0.08 2135356 6987896 5176 46858804 99082316 134542984 8908 8 130 5 0 1 1 1 1 1 0000007e 00000000 00000002 0000002a 00000000 00000000 0000008e 00000000
1346053020 26927.16 107129.63 0.00 0.48 0.07 0.18 0.01 0.00 0.00 99.08 7913500 7825400 88100 0.03 0.09 0.08 2135372 6987880 5200 46858780 99082316 134542984 8908 8 130 5 0 1 1 1 1 1 0000007e 00000000 00000002 0000002a 00000000 00000000 0000008e 00000000
1346053041 26947.32 107209.81 0.00 0.48 0.07 0.18 0.01 0.00 0.00 99.08 7913500 7825508 87992 0.02 0.08 0.08 2135388 6987864 5200 46858780 99082316 134542984 8908 8 130 5 0 1 1 1 1 1 0000007e 00000000 00000002 0000002a 00000000 00000000 0000008e 00000000
1346053061 26967.48 107290.04 0.00 0.48 0.07 0.18 0.01 0.00 0.00 99.08 7913500 7825540 87960 0.01 0.07 0.08 2135404 6987848 5200 46858780 99082316 134542984 8908 8 130 5 0 1 1 1 1 1 0000007e 00000000 00000002 0000002a 00000000 00000000 0000008e 00000000
1346053081 26987.64 107370.83 0.00 0.48 0.07 0.18 0.01 0.00 0.00 99.08 7913500 7825300 88200 0.01 0.07 0.08 2135412 6987840 5208 46858772 99082316 134542984 8908 8 130 5 0 1 1 1 1 1 0000007e 00000000 00000002 0000002a 00000000 00000000 0000008e 00000000
1346053101 27007.80 107451.22 0.00 0.48 0.07 0.18 0.01 0.00 0.00 99.08 7913500 7825392 88108 0.00 0.06 0.08 2135436 6987816 5220 46858760 99082316 134542984 8908 8 130 5 0 1 1 1 1 1 0000007e 00000000 00000002 0000002a 00000000 00000000 0000008e 00000000
1346053121 27027.96 107531.09 0.00 0.48 0.07 0.18 0.01 0.00 0.00 99.08 7913500 7825912 87588 0.00 0.06 0.07 2135452 6987800 5220 46858760 99082316 134542984 8908 8 130 5 0 1 1 1 1 1 0000007e 00000000 00000002 0000002a 00000000 00000000 0000008e 00000000
1346053141 27048.12 107611.90 0.00 0.48 0.07 0.18 0.01 0.00 0.00 99.08 7913500 7825424 88076 0.00 0.05 0.07 2135464 6987788 5220 46858760 99082316 134542984 8908 8 130 5 0 1 1 1 1 1 0000007e 00000000 00000002 0000002a 00000000 00000000 0000008e 00000000
1346053162 27068.29 107691.98 0.00 0.48 0.07 0.18 0.01 0.00 0.00 99.08 7913500 7825144 88356 0.00 0.05 0.07 2135484 6987768 5220 46858760 99082316 134542984 8908 8 130 5 0 1 1 1 1 1 0000007e 00000000 00000002 0000002a 00000000 00000000 0000008e 00000000
1346053182 27088.45 107772.23 0.00 0.48 0.07 0.18 0.01 0.00 0.00 99.08 7913500 7825664 87836 0.00 0.05 0.07 2135492 6987760 5220 46858760 99082316 134542984 8908 8 130 5 0 1 1 1 1 1 0000007e 00000000 00000002 0000002a 00000000 00000000 0000008e 00000000
1346053202 27108.61 107852.34 0.00 0.48 0.07 0.18 0.01 0.00 0.00 99.08 7913500 7825268 88232 0.00 0.04 0.07 2135516 6987736 5220 46858760 99082316 134542984 8908 8 130 5 0 1 1 1 1 1 0000007e 00000000 00000002 0000002a 00000000 00000000 0000008e 00000000
1346053222 27128.77 107932.61 0.00 0.48 0.07 0.18 0.01 0.00 0.00 99.08 7913500 7825540 87960 0.00 0.04 0.06 2135524 6987728 5220 46858760 99082316 134542984 8908 8 130 5 0 1 1 1 1 1 0000007e 00000000 00000002 0000002a 00000000 00000000 0000008e 00000000
1346053242 27148.93 108012.91 0.00 0.48 0.07 0.18 0.01 0.00 0.00 99.08 7913500 7825664 87836 0.00 0.03 0.06 2135544 6987708 5244 46858736 99082316 134542984 8908 8 130 5 0 1 1 1 1 1 0000007e 00000000 00000002 0000002a 00000000 00000000 0000008e 00000000
1346053262 27169.10 108093.47 0.00 0.48 0.07 0.18 0.01 0.00 0.00 99.08 7913500 7825920 87580 0.00 0.03 0.06 2135556 6987696 5244 46858736 99082316 134542984 8908 8 130 5 0 1 1 1 1 1 0000007e 00000000 00000002 0000002a 00000000 00000000 0000008e 00000000
1346053282 27189.26 108174.18 0.00 0.48 0.07 0.18 0.01 0.00 0.00 99.08 7913500 7825788 87712 0.13 0.06 0.07 2135572 6987680 5244 46858736 99082316 134542984 8908 8 130 5 0 1 1 1 1 1 0000007e 00000000 00000002 0000002a 00000000 00000000 0000008e 00000000
1346053303 27209.42 108254.67 0.00 0.48 0.07 0.18 0.01 0.00 0.00 99.08 7913500 7825912 87588 0.34 0.12 0.09 2135592 6987660 5244 46858736 99082316 134542984 8908 8 130 5 0 1 1 1 1 1 0000007e 00000000 00000002 0000002a 00000000 00000000 0000008e 00000000
1346053323 27229.59 108334.93 0.00 0.48 0.07 0.18 0.01 0.00 0.00 99.08 7913500 7825656 87844 0.25 0.11 0.09 2135604 6987648 5260 46858720 99082316 134542984 8908 8 130 5 0 1 1 1 1 1 0000007e 00000000 00000002 0000002a 00000000 00000000 0000008e 00000000
1346053343 27249.74 108415.30 0.00 0.48 0.07 0.18 0.01 0.00 0.00 99.08 7913500 7826036 87464 0.18 0.10 0.08 2135624 6987628 5272 46858708 99082316 134542984 8908 8 133 5 0 1 1 1 1 1 0000007e 00000000 00000002 0000002a 00000000 00000000 0000008e 00000000
1346053363 27269.91 108495.73 0.00 0.48 0.07 0.18 0.01 0.00 0.00 99.08 7913500 7825912 87588 0.12 0.09 0.08 2135632 6987620 5272 46858708 99082316 134542984 8908 8 133 5 0 1 1 1 1 1 0000007e 00000000 00000002 0000002a 00000000 00000000 0000008e 00000000
1346053383 27290.06 108576.57 0.00 0.48 0.07 0.18 0.01 0.00 0.00 99.08 7913500 7826284 87216 0.09 0.09 0.08 2135652 6987600 5272 46858708 99082316 134542984 8908 8 133 5 0 1 1 1 1 1 0000007e 00000000 00000002 0000002a 00000000 00000000 0000008e 00000000
1346053403 27310.23 108656.53 0.00 0.48 0.07 0.18 0.01 0.00 0.00 99.08 7913500 7826260 87240 0.06 0.08 0.08 2135668 6987584 5276 46858704 99082316 134542984 8908 8 134 5 0 1 1 1 1 1 0000007e 00000000 00000002 0000002a 00000000 00000000 0000008e 00000000
1346053424 27330.39 108737.49 0.00 0.48 0.07 0.18 0.01 0.00 0.00 99.08 7913500 7825764 87736 0.04 0.07 0.08 2135680 6987572 5284 46858696 99082316 134542984 8908 8 135 5 0 1 1 1 1 1 0000007e 00000000 00000002 0000002a 00000000 00000000 0000008e 00000000
1346053444 27350.55 108817.89 0.00 0.48 0.07 0.18 0.01 0.00 0.00 99.08 7913500 7826028 87472 0.03 0.07 0.07 2135692 6987560 5284 46858696 99082316 134542984 8908 8 135 5 0 1 1 1 1 1 0000007e 00000000 00000002 0000002a 00000000 00000000 0000008e 00000000
1346053464 27370.71 108898.22 0.00 0.48 0.07 0.18 0.01 0.00 0.00 99.08 7913500 7826036 87464 0.02 0.06 0.07 2135704 6987548 5284 46858696 99082316 134542984 8908 8 135 5 0 1 1 1 1 1 0000007e 00000000 00000002 0000002a 00000000 00000000 0000008e 00000000
1346053484 27390.88 108978.43 0.00 0.48 0.07 0.18 0.01 0.00 0.00 99.08 7913500 7826532 86968 0.01 0.06 0.07 2135716 6987536 5284 46858696 99082316 134542984 8908 8 135 5 0 1 1 1 1 1 0000007e 00000000 00000002 0000002a 00000000 00000000 0000008e 00000000
1346053504 27411.04 109058.67 0.00 0.48 0.07 0.18 0.01 0.00 0.00 99.08 7913500 7826300 87200 0.01 0.05 0.07 2135732 6987520 5284 46858696 99082316 134542984 8908 8 135 5 0 1 1 1 1 1 0000007e 00000000 00000002 0000002a 00000000 00000000 0000008e 00000000
1346053524 27431.21 109139.35 0.00 0.48 0.07 0.18 0.01 0.00 0.00 99.08 7913500 7826176 87324 0.01 0.05 0.07 2135744 6987508 5284 46858696 99082316 134542984 8908 8 135 5 0 1 1 1 1 1 0000007e 00000000 00000002 0000002a 00000000 00000000 0000008e 00000000
1346053545 27451.36 109219.84 0.00 0.48 0.07 0.18 0.01 0.00 0.00 99.08 7913500 7826044 87456 0.08 0.06 0.07 2135760 6987492 5284 46858696 99082316 134542984 8908 8 135 5 0 1 1 1 1 1 0000007e 00000000 00000002 0000002a 00000000 00000000 0000008e 00000000
1346053565 27471.53 109300.42 0.00 0.48 0.07 0.17 0.01 0.00 0.00 99.08 7913500 7825772 87728 0.34 0.12 0.09 2135768 6987484 5308 46858672 99082316 134542984 8908 8 135 5 0 1 1 1 1 1 0000007e 00000000 00000002 0000002a 00000000 00000000 0000008e 00000000
1346053585 27491.69 109380.53 0.00 0.48 0.07 0.18 0.01 0.00 0.00 99.08 7913500 7825920 87580 0.25 0.11 0.09 2135776 6987476 5308 46858672 99082316 134542984 8908 8 135 5 0 1 1 1 1 1 0000007e 00000000 00000002 0000002a 00000000 00000000 0000008e 00000000
1346053605 27511.85 109461.31 0.00 0.48 0.07 0.18 0.01 0.00 0.00 99.08 7913500 7826392 87108 0.17 0.10 0.08 2135796 6987456 5308 46858672 99082316 134542984 8908 8 135 5 0 1 1 1 1 1 0000007e 00000000 00000002 0000002a 00000000 00000000 0000008e 00000000
1346053625 27532.02 109540.92 0.00 0.48 0.07 0.18 0.01 0.00 0.00 99.08 7913500 7826408 87092 0.12 0.10 0.08 2135804 6987448 5324 46858656 99082316 134542984 8908 8 135 5 0 1 1 1 1 1 0000007e 00000000 00000002 0000002a 00000000 00000000 0000008e 00000000
1346053645 27552.18 109621.48 0.00 0.48 0.07 0.18 0.01 0.00 0.00 99.08 7913500 7826408 87092 0.09 0.09 0.08 2135820 6987432 5324 46858656 99082316 134542984 8908 8 135 5 0 1 1 1 1 1 0000007e 00000000 00000002 0000002a 00000000 00000000 0000008e 00000000
1346053666 27572.34 109702.09 0.00 0.48 0.07 0.18 0.01 0.00 0.00 99.08 7913500 7826392 87108 0.06 0.08 0.08 2135832 6987420 5324 46858656 99082316 134542984 8908 8 135 5 0 1 1 1 1 1 0000007e 00000000 00000002 0000002a 00000000 00000000 0000008e 00000000
1346053686 27592.50 109783.07 0.00 0.48 0.07 0.18 0.01 0.00 0.00 99.08 7913500 7826284 87216 0.04 0.08 0.08 2135844 6987408 5324 46858656 99082316 134542984 8908 8 135 5 0 1 1 1 1 1 0000007e 00000000 00000002 0000002a 00000000 00000000 0000008e 00000000
1346053706 27612.67 109863.38 0.00 0.48 0.07 0.18 0.01 0.00 0.00 99.08 7913500 7826216 87284 0.03 0.07 0.08 2135864 6987388 5324 46858656 99082316 134542984 8908 8 135 5 0 1 1 1 1 1 0000007e 00000000 00000002 0000002a 00000000 00000000 0000008e 00000000
1346053726 27632.83 109943.65 0.00 0.48 0.07 0.17 0.01 0.00 0.00 99.09 7913500 7826408 87092 0.02 0.06 0.07 2135872 6987380 5324 46858656 99082316 134542984 8908 8 135 5 0 1 1 1 1 1 0000007e 00000000 00000002 0000002a 00000000 00000000 0000008e 00000000
1346053746 27652.99 110024.07 0.00 0.48 0.07 0.18 0.01 0.00 0.00 99.09 7913500 7826284 87216 0.01 0.06 0.07 2135884 6987368 5328 46858652 99082316 134542984 8908 8 135 5 0 1 1 1 1 1 0000007e 00000000 00000002 0000002a 00000000 00000000 0000008e 00000000
1346053766 27673.15 110104.77 0.00 0.48 0.07 0.18 0.01 0.00 0.00 99.09 7913500 7826276 87224 0.01 0.05 0.07 2135896 6987356 5328 46858652 99082316 134542984 8908 8 135 5 0 1 1 1 1 1 0000007e 00000000 00000002 0000002a 00000000 00000000 0000008e 00000000
1346053787 27693.31 110184.99 0.00 0.48 0.07 0.18 0.01 0.00 0.00 99.09 7913500 7826408 87092 0.01 0.05 0.07 2135912 6987340 5344 46858636 99082316 134542984 8908 8 135 5 0 1 1 1 1 1 0000007e 00000000 00000002 0000002a 00000000 00000000 0000008e 00000000
1346053807 27713.47 110266.14 0.00 0.47 0.07 0.18 0.01 0.00 0.00 99.09 7913500 7826416 87084 0.00 0.05 0.07 2135920 6987332 5352 46858628 99082316 134542984 8908 8 135 5 0 1 1 1 1 1 0000007e 00000000 00000002 0000002a 00000000 00000000 0000008e 00000000
1346053827 27733.63 110346.29 0.00 0.47 0.07 0.18 0.01 0.00 0.00 99.09 7913500 7826656 86844 0.00 0.04 0.06 2135936 6987316 5352 46858628 99082316 134542984 8908 8 135 5 0 1 1 1 1 1 0000007e 00000000 00000002 0000002a 00000000 00000000 0000008e 00000000
1346053847 27753.79 110426.59 0.00 0.47 0.07 0.18 0.01 0.00 0.00 99.09 7913500 7826332 87168 0.00 0.04 0.06 2135948 6987304 5352 46858628 99082316 134542984 8908 8 135 5 0 1 1 1 1 1 0000007e 00000000 00000002 0000002a 00000000 00000000 0000008e 00000000
1346053867 27773.94 110507.02 0.00 0.47 0.07 0.18 0.01 0.00 0.00 99.09 7913500 7826612 86888 0.00 0.04 0.06 2135960 6987292 5368 46858612 99082316 134542984 8908 8 135 5 0 1 1 1 1 1 0000007e 00000000 00000002 0000002a 00000000 00000000 0000008e 00000000
1346053887 27794.10 110587.34 0.00 0.47 0.07 0.17 0.01 0.00 0.00 99.09 7913500 7826464 87036 0.00 0.03 0.06 2135972 6987280 5368 46858612 99082316 134542984 8908 8 135 5 0 1 1 1 1 1 0000007e 00000000 00000002 0000002a 00000000 00000000 0000008e 00000000
1346053907 27814.26 110667.75 0.00 0.47 0.07 0.17 0.01 0.00 0.00 99.09 7913500 7826160 87340 0.00 0.03 0.06 2135984 6987268 5368 46858612 99082316 134542984 8908 8 135 5 0 1 1 1 1 1 0000007e 00000000 00000002 0000002a 00000000 00000000 0000008e 00000000
1346053928 27834.42 110748.08 0.00 0.47 0.07 0.17 0.01 0.00 0.00 99.09 7913500 7826532 86968 0.00 0.03 0.05 2135996 6987256 5368 46858612 99082316 134542984 8908 8 135 5 0 1 1 1 1 1 0000007e 00000000 00000002 0000002a 00000000 00000000 0000008e 00000000
1346053948 27854.58 110826.81 0.00 0.48 0.07 0.17 0.01 0.00 0.00 99.09 7913500 7833588 79912 0.00 0.02 0.05 2136020 6987232 5368 46858612 99982716 133642584 8989 8 135 5 0 1 1 1 1 1 00000080 00000001 00000000 0000002a 00000052 00000000 00000091 00000000
1346053968 27874.76 110902.04 0.00 0.48 0.07 0.17 0.01 0.00 0.00 99.08 7913500 7833772 79728 0.07 0.04 0.06 2136060 6987192 5368 46858612 101994720 131630580 9171 8 135 5 0 1 1 1 1 1 00000083 00000001 00000001 0000002b 00000040 00000000 00000094 00000000
1346053988 27894.96 110977.74 0.00 0.48 0.07 0.17 0.01 0.00 0.00 99.08 7913500 7678528 234972 0.21 0.07 0.06 2136092 6987160 5368 46858612 104111964 129513336 9361 8 135 5 0 1 1 1 1 1 00000086 00000001 00000002 0000002c 0000001b 00000000 00000097 00000000
1346054008 27915.15 111053.53 0.00 0.48 0.07 0.17 0.01 0.00 0.00 99.07 7913500 7823348 90152 0.42 0.13 0.08 2136124 6987128 5384 46858596 106163240 127462060 9545 8 135 5 0 1 1 1 1 1 00000087 00000000 00000002 0000002d 00000000 00000000 00000098 00000000
1346054029 27935.33 111133.61 0.00 0.48 0.07 0.17 0.01 0.00 0.00 99.07 7913500 7827112 86388 0.36 0.13 0.09 2136128 6987124 5392 46858588 106163240 127462060 9545 8 135 5 0 1 1 1 1 1 00000087 00000000 00000002 0000002d 00000000 00000000 00000098 00000000
1346054049 27955.50 111214.12 0.00 0.48 0.07 0.17 0.01 0.00 0.00 99.07 7913500 7826216 87284 0.26 0.12 0.08 2136144 6987108 5392 46858588 106163240 127462060 9545 8 135 5 0 1 1 1 1 1 00000087 00000000 00000002 0000002d 00000000 00000000 00000098 00000000
1346054069 27975.67 111294.59 0.00 0.48 0.07 0.18 0.01 0.00 0.00 99.07 7913500 7827200 86300 0.18 0.11 0.08 2136156 6987096 5396 46858584 106163240 127462060 9545 8 135 5 0 1 1 1 1 1 00000087 00000000 00000002 0000002d 00000000 00000000 00000098 00000000
1346054089 27995.84 111374.78 0.00 0.48 0.07 0.18 0.01 0.00 0.00 99.07 7913500 7826704 86796 0.19 0.12 0.09 2136168 6987084 5412 46858568 106163240 127462060 9545 8 135 5 0 1 1 1 1 1 00000087 00000000 00000002 0000002d 00000000 00000000 00000098 00000000
1346054109 28016.01 111454.72 0.00 0.48 0.07 0.18 0.01 0.00 0.00 99.07 7913500 7827388 86112 0.20 0.13 0.09 2136188 6987064 5412 46858568 106163240 127462060 9545 8 135 5 0 1 1 1 1 1 00000087 00000000 00000002 0000002d 00000000 00000000 00000098 00000000
1346054129 28036.17 111535.74 0.00 0.48 0.07 0.18 0.01 0.00 0.00 99.07 7913500 7827652 85848 0.13 0.12 0.09 2136196 6987056 5412 46858568 106163240 127462060 9545 8 135 5 0 1 1 1 1 1 00000087 00000000 00000002 0000002d 00000000 00000000 00000098 00000000
1346054150 28056.34 111616.12 0.00 0.48 0.07 0.18 0.01 0.00 0.00 99.07 7913500 7827428 86072 0.09 0.11 0.08 2136208 6987044 5412 46858568 106163240 127462060 9545 8 135 5 0 1 1 1 1 1 00000087 00000000 00000002 0000002d 00000000 00000000 00000098 00000000
1346054170 28076.50 111696.78 0.00 0.48 0.07 0.18 0.01 0.00 0.00 99.07 7913500 7826960 86540 0.07 0.10 0.08 2136224 6987028 5412 46858568 106163240 127462060 9545 8 135 5 0 1 1 1 1 1 00000087 00000000 00000002 0000002d 00000000 00000000 00000098 00000000
1346054190 28096.67 111777.12 0.00 0.48 0.07 0.18 0.01 0.00 0.00 99.07 7913500 7827164 86336 0.05 0.09 0.08 2136236 6987016 5412 46858568 106163240 127462060 9545 8 135 5 0 1 1 1 1 1 00000087 00000000 00000002 0000002d 00000000 00000000 00000098 00000000
1346054210 28116.84 111857.54 0.00 0.48 0.07 0.18 0.01 0.00 0.00 99.07 7913500 7827220 86280 0.03 0.09 0.08 2136244 6987008 5412 46858568 106163240 127462060 9545 8 135 5 0 1 1 1 1 1 00000087 00000000 00000002 0000002d 00000000 00000000 00000098 00000000
1346054230 28137.00 111938.67 0.00 0.48 0.07 0.18 0.01 0.00 0.00 99.07 7913500 7827016 86484 0.24 0.13 0.09 2136260 6986992 5412 46858568 106163240 127462060 9545 8 135 5 0 1 1 1 1 1 00000087 00000000 00000002 0000002d 00000000 00000000 00000098 00000000
1346054250 28157.17 112019.28 0.00 0.48 0.07 0.18 0.01 0.00 0.00 99.07 7913500 7827240 86260 0.17 0.12 0.09 2136272 6986980 5436 46858544 106163240 127462060 9545 8 135 5 0 1 1 1 1 1 00000087 00000000 00000002 0000002d 00000000 00000000 00000098 00000000
1346054271 28177.34 112100.43 0.00 0.48 0.07 0.18 0.01 0.00 0.00 99.07 7913500 7827576 85924 0.12 0.11 0.09 2136288 6986964 5436 46858544 106163240 127462060 9545 8 135 5 0 1 1 1 1 1 00000087 00000000 00000002 0000002d 00000000 00000000 00000098 00000000
1346054291 28197.50 112180.93 0.00 0.48 0.07 0.18 0.01 0.00 0.00 99.07 7913500 7827660 85840 0.09 0.10 0.09 2136296 6986956 5436 46858544 106163240 127462060 9545 8 135 5 0 1 1 1 1 1 00000087 00000000 00000002 0000002d 00000000 00000000 00000098 00000000
1346054311 28217.67 112261.26 0.00 0.48 0.07 0.18 0.01 0.00 0.00 99.07 7913500 7827412 86088 0.06 0.10 0.08 2136312 6986940 5436 46858544 106163240 127462060 9545 8 135 5 0 1 1 1 1 1 00000087 00000000 00000002 0000002d 00000000 00000000 00000098 00000000
1346054331 28237.84 112341.60 0.00 0.48 0.07 0.18 0.01 0.00 0.00 99.07 7913500 7827388 86112 0.04 0.09 0.08 2136328 6986924 5460 46858520 106163240 127462060 9545 8 137 5 0 1 1 1 1 1 00000087 00000000 00000002 0000002d 00000000 00000000 00000098 00000000
1346054351 28258.01 112421.97 0.00 0.48 0.07 0.18 0.01 0.00 0.00 99.07 7913500 7827280 86220 0.03 0.08 0.08 2136336 6986916 5464 46858516 106163240 127462060 9545 8 138 5 0 1 1 1 1 1 00000087 00000000 00000002 0000002d 00000000 00000000 00000098 00000000
1346054371 28278.18 112502.40 0.00 0.48 0.07 0.18 0.01 0.00 0.00 99.07 7913500 7826976 86524 0.02 0.08 0.08 2136348 6986904 5464 46858516 106163240 127462060 9545 8 138 5 0 1 1 1 1 1 00000087 00000000 00000002 0000002d 00000000 00000000 00000098 00000000
1346054392 28298.34 112582.65 0.00 0.48 0.07 0.18 0.01 0.00 0.00 99.07 7913500 7827380 86120 0.01 0.07 0.08 2136360 6986892 5464 46858516 106163240 127462060 9545 8 138 5 0 1 1 1 1 1 00000087 00000000 00000002 0000002d 00000000 00000000 00000098 00000000
1346054412 28318.51 112663.52 0.00 0.48 0.07 0.18 0.01 0.00 0.00 99.07 7913500 7827480 86020 0.01 0.06 0.07 2136376 6986876 5476 46858504 106163240 127462060 9545 8 140 5 0 1 1 1 1 1 00000087 00000000 00000002 0000002d 00000000 00000000 00000098 00000000
1346054432 28338.68 112743.83 0.00 0.48 0.07 0.18 0.01 0.00 0.00 99.07 7913500 7827364 86136 0.01 0.06 0.07 2136388 6986864 5476 46858504 106163240 127462060 9545 8 140 5 0 1 1 1 1 1 00000087 00000000 00000002 0000002d 00000000 00000000 00000098 00000000
1346054452 28358.85 112824.18 0.00 0.48 0.07 0.18 0.01 0.00 0.00 99.07 7913500 7827752 85748 0.00 0.05 0.07 2136408 6986844 5476 46858504 106163240 127462060 9545 8 140 5 0 1 1 1 1 1 00000087 00000000 00000002 0000002d 00000000 00000000 00000098 00000000
1346054472 28379.01 112905.61 0.00 0.48 0.07 0.18 0.01 0.00 0.00 99.07 7913500 7827760 85740 0.00 0.05 0.07 2136420 6986832 5476 46858504 106163240 127462060 9545 8 140 5 0 1 1 1 1 1 00000087 00000000 00000002 0000002d 00000000 00000000 00000098 00000000
1346054492 28399.17 112985.86 0.00 0.48 0.07 0.18 0.01 0.00 0.00 99.07 7913500 7828048 85452 0.00 0.05 0.07 2136440 6986812 5476 46858504 106163240 127462060 9545 8 140 5 0 1 1 1 1 1 00000087 00000000 00000002 0000002d 00000000 00000000 00000098 00000000
1346054513 28419.34 113066.42 0.00 0.48 0.07 0.18 0.01 0.00 0.00 99.07 7913500 7828248 85252 0.00 0.04 0.06 2136456 6986796 5476 46858504 106163240 127462060 9545 8 140 5 0 1 1 1 1 1 00000087 00000000 00000002 0000002d 00000000 00000000 00000098 00000000
1346054533 28439.51 113146.55 0.00 0.48 0.07 0.18 0.01 0.00 0.00 99.07 7913500 7827924 85576 0.00 0.04 0.06 2136472 6986780 5476 46858504 106163240 127462060 9545 8 140 5 0 1 1 1 1 1 00000087 00000000 00000002 0000002d 00000000 00000000 00000098 00000000
1346054553 28459.68 113226.79 0.00 0.48 0.07 0.18 0.01 0.00 0.00 99.07 7913500 7827992 85508 0.00 0.03 0.06 2136492 6986760 5492 46858488 106163240 127462060 9545 8 140 5 0 1 1 1 1 1 00000087 00000000 00000002 0000002d 00000000 00000000 00000098 00000000
1346054573 28479.84 113306.87 0.00 0.48 0.07 0.18 0.01 0.00 0.00 99.07 7913500 7828000 85500 0.00 0.03 0.06 2136504 6986748 5500 46858480 106163240 127462060 9545 8 140 5 0 1 1 1 1 1 00000087 00000000 00000002 0000002d 00000000 00000000 00000098 00000000
1346054593 28500.00 113387.37 0.00 0.48 0.07 0.18 0.01 0.00 0.00 99.07 7913500 7828000 85500 0.00 0.03 0.06 2136516 6986736 5500 46858480 106163240 127462060 9545 8 140 5 0 1 1 1 1 1 00000087 00000000 00000002 0000002d 00000000 00000000 00000098 00000000
1346054613 28520.16 113468.65 0.00 0.48 0.07 0.18 0.01 0.00 0.00 99.07 7913500 7828076 85424 0.08 0.04 0.06 2136536 6986716 5500 46858480 106163240 127462060 9545 8 140 5 0 1 1 1 1 1 00000087 00000000 00000002 0000002d 00000000 00000000 00000098 00000000
1346054634 28540.33 113549.00 0.00 0.48 0.07 0.18 0.01 0.00 0.00 99.07 7913500 7828380 85120 0.12 0.06 0.06 2136552 6986700 5516 46858464 106163240 127462060 9545 8 140 5 0 1 1 1 1 1 00000087 00000000 00000002 0000002d 00000000 00000000 00000098 00000000
1346054654 28560.50 113629.58 0.00 0.48 0.07 0.18 0.01 0.00 0.00 99.07 7913500 7828224 85276 0.08 0.05 0.06 2136564 6986688 5516 46858464 106163240 127462060 9545 8 140 5 0 1 1 1 1 1 00000087 00000000 00000002 0000002d 00000000 00000000 00000098 00000000
1346054674 28580.67 113710.09 0.00 0.48 0.07 0.18 0.01 0.00 0.00 99.07 7913500 7827992 85508 0.14 0.06 0.06 2136584 6986668 5516 46858464 106163240 127462060 9545 8 140 5 0 1 1 1 1 1 00000087 00000000 00000002 0000002d 00000000 00000000 00000098 00000000
1346054694 28600.83 113789.98 0.00 0.48 0.07 0.18 0.01 0.00 0.00 99.07 7913500 7828024 85476 0.38 0.12 0.08 2136592 6986660 5516 46858464 106163240 127462060 9545 8 140 5 0 1 1 1 1 1 00000087 00000000 00000002 0000002d 00000000 00000000 00000098 00000000
1346054714 28621.00 113871.44 0.00 0.48 0.07 0.18 0.01 0.00 0.00 99.08 7913500 7828148 85352 0.40 0.15 0.09 2136612 6986640 5516 46858464 106163240 127462060 9545 8 140 5 0 1 1 1 1 1 00000087 00000000 00000002 0000002d 00000000 00000000 00000098 00000000
1346054734 28641.17 113951.84 0.00 0.48 0.07 0.18 0.01 0.00 0.00 99.08 7913500 7828240 85260 0.29 0.14 0.09 2136628 6986624 5520 46858460 106163240 127462060 9545 8 140 5 0 1 1 1 1 1 00000087 00000000 00000002 0000002d 00000000 00000000 00000098 00000000
1346054755 28661.33 114032.16 0.00 0.48 0.07 0.18 0.01 0.00 0.00 99.08 7913500 7828140 85360 0.21 0.13 0.09 2136644 6986608 5520 46858460 106163240 127462060 9545 8 140 5 0 1 1 1 1 1 00000087 00000000 00000002 0000002d 00000000 00000000 00000098 00000000
1346054775 28681.50 114112.27 0.00 0.48 0.07 0.18 0.01 0.00 0.00 99.08 7913500 7828148 85352 0.15 0.12 0.09 2136664 6986588 5520 46858460 106163240 127462060 9545 8 140 5 0 1 1 1 1 1 00000087 00000000 00000002 0000002d 00000000 00000000 00000098 00000000
1346054795 28701.67 114192.72 0.00 0.48 0.07 0.18 0.01 0.00 0.00 99.08 7913500 7828436 85064 0.10 0.11 0.08 2136672 6986580 5544 46858436 106163240 127462060 9545 8 140 5 0 1 1 1 1 1 00000087 00000000 00000002 0000002d 00000000 00000000 00000098 00000000
1346054815 28721.83 114273.22 0.00 0.48 0.07 0.18 0.01 0.00 0.00 99.08 7913500 7828288 85212 0.07 0.10 0.08 2136692 6986560 5544 46858436 106163240 127462060 9545 8 140 5 0 1 1 1 1 1 00000087 00000000 00000002 0000002d 00000000 00000000 00000098 00000000
1346054835 28742.00 114353.67 0.00 0.48 0.07 0.18 0.01 0.00 0.00 99.08 7913500 7828496 85004 0.05 0.09 0.08 2136704 6986548 5544 46858436 106163240 127462060 9545 8 140 5 0 1 1 1 1 1 00000087 00000000 00000002 0000002d 00000000 00000000 00000098 00000000
1346054855 28762.16 114434.83 0.00 0.48 0.07 0.18 0.01 0.00 0.00 99.08 7913500 7828552 84948 0.04 0.09 0.08 2136724 6986528 5544 46858436 106163240 127462060 9545 8 140 5 0 1 1 1 1 1 00000087 00000000 00000002 0000002d 00000000 00000000 00000098 00000000
1346054876 28782.33 114514.79 0.00 0.48 0.07 0.18 0.01 0.00 0.00 99.08 7913500 7828732 84768 0.02 0.08 0.08 2136732 6986520 5560 46858420 106163240 127462060 9545 8 140 5 0 1 1 1 1 1 00000087 00000000 00000002 0000002d 00000000 00000000 00000098 00000000
1346054896 28802.50 114595.18 0.00 0.48 0.07 0.18 0.01 0.00 0.00 99.08 7913500 7828428 85072 0.22 0.12 0.09 2136752 6986500 5560 46858420 106163240 127462060 9545 8 140 5 0 1 1 1 1 1 00000087 00000000 00000002 0000002d 00000000 00000000 00000098 00000000
1346054916 28822.66 114675.62 0.00 0.48 0.07 0.18 0.01 0.00 0.00 99.08 7913500 7828972 84528 0.49 0.19 0.11 2136768 6986484 5560 46858420 106163240 127462060 9545 8 140 5 0 1 1 1 1 1 00000087 00000000 00000002 0000002d 00000000 00000000 00000098 00000000
1346054936 28842.84 114755.87 0.00 0.48 0.07 0.18 0.01 0.00 0.00 99.08 7913500 7828512 84988 0.41 0.19 0.11 2136780 6986472 5560 46858420 106163240 127462060 9545 8 140 5 0 1 1 1 1 1 00000087 00000000 00000002 0000002d 00000000 00000000 00000098 00000000
1346054956 28863.01 114835.84 0.00 0.48 0.07 0.18 0.01 0.00 0.00 99.08 7913500 7828496 85004 0.29 0.18 0.11 2136804 6986448 5560 46858420 106163240 127462060 9545 8 140 5 0 1 1 1 1 1 00000087 00000000 00000002 0000002d 00000000 00000000 00000098 00000000
1346054976 28883.19 114915.98 0.00 0.48 0.07 0.18 0.01 0.00 0.00 99.08 7913500 7828876 84624 0.21 0.17 0.11 2136812 6986440 5560 46858420 106163240 127462060 9545 8 140 5 0 1 1 1 1 1 00000087 00000000 00000002 0000002d 00000000 00000000 00000098 00000000
1346054997 28903.36 114997.38 0.00 0.48 0.07 0.18 0.01 0.00 0.00 99.08 7913500 7828496 85004 0.15 0.16 0.10 2136828 6986424 5560 46858420 106163240 127462060 9545 8 140 5 0 1 1 1 1 1 00000087 00000000 00000002 0000002d 00000000 00000000 00000098 00000000
1346055017 28923.54 115077.67 0.00 0.48 0.07 0.18 0.01 0.00 0.00 99.08 7913500 7828488 85012 0.10 0.14 0.10 2136844 6986408 5576 46858404 106163240 127462060 9545 8 140 5 0 1 1 1 1 1 00000087 00000000 00000002 0000002d 00000000 00000000 00000098 00000000
1346055037 28943.72 115157.86 0.00 0.48 0.07 0.18 0.01 0.00 0.00 99.08 7913500 7828628 84872 0.07 0.13 0.09 2136860 6986392 5584 46858396 106163240 127462060 9545 8 140 5 0 1 1 1 1 1 00000087 00000000 00000002 0000002d 00000000 00000000 00000098 00000000
1346055057 28963.89 115238.93 0.00 0.48 0.07 0.18 0.01 0.00 0.00 99.08 7913500 7828744 84756 0.05 0.12 0.09 2136880 6986372 5588 46858392 106163240 127462060 9545 8 140 5 0 1 1 1 1 1 00000087 00000000 00000002 0000002d 00000000 00000000 00000098 00000000
1346055077 28984.06 115319.00 0.00 0.48 0.07 0.18 0.01 0.00 0.00 99.08 7913500 7828728 84772 0.04 0.12 0.09 2136892 6986360 5588 46858392 106163240 127462060 9545 8 140 5 0 1 1 1 1 1 00000087 00000000 00000002 0000002d 00000000 00000000 00000098 00000000
