1346044214 18120.69 72058.60 0.00 0.48 0.07 0.19 0.01 0.00 0.00 99.06 7913500 7843948 69552 0.06 0.12 0.07 2128460 6994792 3520 46860460 70892020 162733280 6372 6 85 5 0 1 1 1 1 1 0000005a 00000000 00000002 0000001e 00000000 00000000 00000066 00000000
1346044234 18140.84 72138.72 0.00 0.48 0.07 0.19 0.01 0.00 0.00 99.06 7913500 7843916 69584 0.04 0.11 0.07 2128480 6994772 3524 46860456 70892020 162733280 6372 6 85 5 0 1 1 1 1 1 0000005a 00000000 00000002 0000001e 00000000 00000000 00000066 00000000
1346044254 18160.98 72218.68 0.00 0.48 0.07 0.19 0.01 0.00 0.00 99.07 7913500 7843940 69560 0.03 0.10 0.07 2128488 6994764 3528 46860452 70892020 162733280 6372 6 86 5 0 1 1 1 1 1 0000005a 00000000 00000002 0000001e 00000000 00000000 00000066 00000000
1346044274 18181.12 72298.96 0.00 0.48 0.07 0.19 0.01 0.00 0.00 99.07 7913500 7844312 69188 0.09 0.11 0.07 2128512 6994740 3536 46860444 70892020 162733280 6372 6 88 5 0 1 1 1 1 1 0000005a 00000000 00000002 0000001e 00000000 00000000 00000066 00000000
1346044295 18201.27 72379.47 0.00 0.48 0.07 0.19 0.01 0.00 0.00 99.07 7913500 7844536 68964 0.07 0.11 0.07 2128520 6994732 3540 46860440 70892020 162733280 6372 6 89 5 0 1 1 1 1 1 0000005a 00000000 00000002 0000001e 00000000 00000000 00000066 00000000
1346044315 18221.41 72459.58 0.00 0.48 0.07 0.19 0.01 0.00 0.00 99.07 7913500 7843792 69708 0.11 0.11 0.07 2128540 6994712 3544 46860436 70892020 162733280 6372 6 90 5 0 1 1 1 1 1 0000005a 00000000 00000002 0000001e 00000000 00000000 00000066 00000000
1346044335 18241.55 72539.83 0.00 0.48 0.07 0.19 0.01 0.00 0.00 99.07 7913500 7844660 68840 0.13 0.12 0.08 2128556 6994696 3544 46860436 70892020 162733280 6372 6 90 5 0 1 1 1 1 1 0000005a 00000000 00000002 0000001e 00000000 00000000 00000066 00000000
1346044355 18261.69 72620.26 0.00 0.48 0.07 0.19 0.01 0.00 0.00 99.07 7913500 7844280 69220 0.09 0.11 0.07 2128568 6994684 3544 46860436 70892020 162733280 6372 6 90 5 0 1 1 1 1 1 0000005a 00000000 00000002 0000001e 00000000 00000000 00000066 00000000
1346044375 18281.84 72701.42 0.00 0.48 0.07 0.19 0.01 0.00 0.00 99.07 7913500 7844684 68816 0.06 0.10 0.07 2128588 6994664 3544 46860436 70892020 162733280 6372 6 90 5 0 1 1 1 1 1 0000005a 00000000 00000002 0000001e 00000000 00000000 00000066 00000000
1346044395 18301.97 72781.19 0.00 0.48 0.07 0.19 0.01 0.00 0.00 99.07 7913500 7844932 68568 0.05 0.09 0.07 2128600 6994652 3544 46860436 70892020 162733280 6372 6 90 5 0 1 1 1 1 1 0000005a 00000000 00000002 0000001e 00000000 00000000 00000066 00000000
1346044415 18322.12 72861.53 0.00 0.48 0.07 0.19 0.01 0.00 0.00 99.07 7913500 7844536 68964 0.03 0.09 0.07 2128616 6994636 3544 46860436 70892020 162733280 6372 6 90 5 0 1 1 1 1 1 0000005a 00000000 00000002 0000001e 00000000 00000000 00000066 00000000
1346044435 18342.26 72941.42 0.00 0.48 0.07 0.19 0.01 0.00 0.00 99.07 7913500 7844800 68700 0.02 0.08 0.07 2128632 6994620 3544 46860436 70892020 162733280 6372 6 90 5 0 1 1 1 1 1 0000005a 00000000 00000002 0000001e 00000000 00000000 00000066 00000000
1346044456 18362.41 73021.75 0.00 0.48 0.07 0.19 0.01 0.00 0.00 99.07 7913500 7844652 68848 0.02 0.08 0.06 2128648 6994604 3544 46860436 70892020 162733280 6372 6 90 5 0 1 1 1 1 1 0000005a 00000000 00000002 0000001e 00000000 00000000 00000066 00000000
1346044476 18382.55 73102.91 0.00 0.48 0.07 0.19 0.01 0.00 0.00 99.07 7913500 7844396 69104 0.01 0.07 0.06 2128664 6994588 3552 46860428 70892020 162733280 6372 6 90 5 0 1 1 1 1 1 0000005a 00000000 00000002 0000001e 00000000 00000000 00000066 00000000
1346044496 18402.70 73182.91 0.00 0.48 0.07 0.19 0.01 0.00 0.00 99.07 7913500 7845172 68328 0.01 0.06 0.06 2128680 6994572 3568 46860412 70892020 162733280 6372 6 90 5 0 1 1 1 1 1 0000005a 00000000 00000002 0000001e 00000000 00000000 00000066 00000000
1346044516 18422.85 73263.62 0.00 0.48 0.07 0.19 0.01 0.00 0.00 99.07 7913500 7844940 68560 0.00 0.06 0.06 2128696 6994556 3576 46860404 70892020 162733280 6372 6 90 5 0 1 1 1 1 1 0000005a 00000000 00000002 0000001e 00000000 00000000 00000066 00000000
1346044536 18442.99 73343.84 0.00 0.48 0.07 0.19 0.01 0.00 0.00 99.07 7913500 7844940 68560 0.00 0.05 0.06 2128712 6994540 3584 46860396 70892020 162733280 6372 6 90 5 0 1 1 1 1 1 0000005a 00000000 00000002 0000001e 00000000 00000000 00000066 00000000
1346044556 18463.14 73424.13 0.00 0.47 0.07 0.19 0.01 0.00 0.00 99.07 7913500 7845196 68304 0.00 0.05 0.05 2128728 6994524 3588 46860392 70892020 162733280 6372 6 90 5 0 1 1 1 1 1 0000005a 00000000 00000002 0000001e 00000000 00000000 00000066 00000000
1346044577 18483.28 73505.05 0.00 0.47 0.07 0.19 0.01 0.00 0.00 99.07 7913500 7845312 68188 0.00 0.05 0.05 2128748 6994504 3588 46860392 70892020 162733280 6372 6 90 5 0 1 1 1 1 1 0000005a 00000000 00000002 0000001e 00000000 00000000 00000066 00000000
1346044597 18503.42 73585.39 0.00 0.47 0.07 0.19 0.01 0.00 0.00 99.07 7913500 7845172 68328 0.00 0.04 0.05 2128764 6994488 3588 46860392 70892020 162733280 6372 6 90 5 0 1 1 1 1 1 0000005a 00000000 00000002 0000001e 00000000 00000000 00000066 00000000
1346044617 18523.57 73666.51 0.00 0.47 0.07 0.19 0.01 0.00 0.00 99.07 7913500 7845188 68312 0.00 0.04 0.05 2128776 6994476 3588 46860392 70892020 162733280 6372 6 90 5 0 1 1 1 1 1 0000005a 00000000 00000002 0000001e 00000000 00000000 00000066 00000000
1346044637 18543.71 73746.31 0.00 0.47 0.07 0.19 0.01 0.00 0.00 99.07 7913500 7845064 68436 0.28 0.10 0.07 2128792 6994460 3588 46860392 70892020 162733280 6372 6 90 5 0 1 1 1 1 1 0000005a 00000000 00000002 0000001e 00000000 00000000 00000066 00000000
1346044657 18563.86 73827.76 0.00 0.47 0.07 0.19 0.01 0.00 0.00 99.07 7913500 7845312 68188 0.26 0.11 0.07 2128808 6994444 3588 46860392 70892020 162733280 6372 6 90 5 0 1 1 1 1 1 0000005a 00000000 00000002 0000001e 00000000 00000000 00000066 00000000
1346044677 18584.01 73908.07 0.00 0.47 0.07 0.19 0.01 0.00 0.00 99.07 7913500 7845072 68428 0.19 0.10 0.07 2128828 6994424 3588 46860392 70892020 162733280 6372 6 90 5 0 1 1 1 1 1 0000005a 00000000 00000002 0000001e 00000000 00000000 00000066 00000000
1346044697 18604.16 73988.14 0.00 0.47 0.07 0.19 0.01 0.00 0.00 99.07 7913500 7845304 68196 0.13 0.09 0.07 2128836 6994416 3588 46860392 70892020 162733280 6372 6 90 5 0 1 1 1 1 1 0000005a 00000000 00000002 0000001e 00000000 00000000 00000066 00000000
1346044718 18624.30 74068.72 0.00 0.47 0.07 0.19 0.01 0.00 0.00 99.07 7913500 7845048 68452 0.10 0.09 0.06 2128856 6994396 3612 46860368 70892020 162733280 6372 6 90 5 0 1 1 1 1 1 0000005a 00000000 00000002 0000001e 00000000 00000000 00000066 00000000
1346044738 18644.45 74149.36 0.00 0.47 0.07 0.18 0.01 0.00 0.00 99.07 7913500 7845180 68320 0.07 0.08 0.06 2128868 6994384 3612 46860368 70892020 162733280 6372 6 90 5 0 1 1 1 1 1 0000005a 00000000 00000002 0000001e 00000000 00000000 00000066 00000000
1346044758 18664.60 74229.68 0.00 0.47 0.07 0.18 0.01 0.00 0.00 99.07 7913500 7845352 68148 0.05 0.07 0.06 2128884 6994368 3628 46860352 70892020 162733280 6372 6 90 5 0 1 1 1 1 1 0000005a 00000000 00000002 0000001e 00000000 00000000 00000066 00000000
1346044778 18684.74 74309.74 0.00 0.47 0.07 0.18 0.01 0.00 0.00 99.07 7913500 7845412 68088 0.03 0.07 0.06 2128904 6994348 3628 46860352 70892020 162733280 6372 6 90 5 0 1 1 1 1 1 0000005a 00000000 00000002 0000001e 00000000 00000000 00000066 00000000
1346044798 18704.88 74390.05 0.00 0.47 0.07 0.19 0.01 0.00 0.00 99.07 7913500 7845544 67956 0.02 0.06 0.06 2128916 6994336 3628 46860352 70892020 162733280 6372 6 90 5 0 1 1 1 1 1 0000005a 00000000 00000002 0000001e 00000000 00000000 00000066 00000000
1346044818 18725.03 74470.59 0.00 0.47 0.07 0.19 0.01 0.00 0.00 99.07 7913500 7845188 68312 0.02 0.06 0.06 2128932 6994320 3628 46860352 70892020 162733280 6372 6 90 5 0 1 1 1 1 1 0000005a 00000000 00000002 0000001e 00000000 00000000 00000066 00000000
1346044838 18745.18 74550.83 0.00 0.47 0.07 0.19 0.01 0.00 0.00 99.07 7913500 7845312 68188 0.01 0.05 0.05 2128948 6994304 3628 46860352 70892020 162733280 6372 6 90 5 0 1 1 1 1 1 0000005a 00000000 00000002 0000001e 00000000 00000000 00000066 00000000
1346044859 18765.33 74632.01 0.00 0.47 0.07 0.18 0.01 0.00 0.00 99.07 7913500 7845544 67956 0.01 0.05 0.05 2128964 6994288 3628 46860352 70892020 162733280 6372 6 90 5 0 1 1 1 1 1 0000005a 00000000 00000002 0000001e 00000000 00000000 00000066 00000000
1346044879 18785.47 74712.35 0.00 0.47 0.07 0.18 0.01 0.00 0.00 99.07 7913500 7845352 68148 0.00 0.04 0.05 2128984 6994268 3632 46860348 70892020 162733280 6372 6 90 5 0 1 1 1 1 1 0000005a 00000000 00000002 0000001e 00000000 00000000 00000066 00000000
1346044899 18805.62 74792.66 0.00 0.47 0.07 0.18 0.01 0.00 0.00 99.07 7913500 7845392 68108 0.00 0.04 0.05 2128996 6994256 3632 46860348 70892020 162733280 6372 6 90 5 0 1 1 1 1 1 0000005a 00000000 00000002 0000001e 00000000 00000000 00000066 00000000
1346044919 18825.76 74872.77 0.00 0.47 0.07 0.18 0.01 0.00 0.00 99.07 7913500 7845244 68256 0.00 0.04 0.05 2129008 6994244 3632 46860348 70892020 162733280 6372 6 90 5 0 1 1 1 1 1 0000005a 00000000 00000002 0000001e 00000000 00000000 00000066 00000000
1346044939 18845.90 74953.14 0.00 0.47 0.07 0.18 0.01 0.00 0.00 99.07 7913500 7845376 68124 0.00 0.03 0.04 2129028 6994224 3656 46860324 70892020 162733280 6372 6 90 5 0 1 1 1 1 1 0000005a 00000000 00000002 0000001e 00000000 00000000 00000066 00000000
1346044959 18866.04 75033.41 0.00 0.47 0.07 0.18 0.01 0.00 0.00 99.08 7913500 7845312 68188 0.00 0.03 0.04 2129040 6994212 3656 46860324 70892020 162733280 6372 6 90 5 0 1 1 1 1 1 0000005a 00000000 00000002 0000001e 00000000 00000000 00000066 00000000
1346044979 18886.19 75114.10 0.00 0.47 0.07 0.18 0.01 0.00 0.00 99.08 7913500 7845436 68064 0.00 0.03 0.04 2129060 6994192 3672 46860308 70892020 162733280 6372 6 90 5 0 1 1 1 1 1 0000005a 00000000 00000002 0000001e 00000000 00000000 00000066 00000000
1346045000 18906.33 75194.63 0.00 0.47 0.07 0.18 0.01 0.00 0.00 99.08 7913500 7845568 67932 0.00 0.03 0.04 2129076 6994176 3672 46860308 70892020 162733280 6372 6 90 5 0 1 1 1 1 1 0000005a 00000000 00000002 0000001e 00000000 00000000 00000066 00000000
1346045020 18926.48 75274.91 0.00 0.47 0.07 0.18 0.01 0.00 0.00 99.08 7913500 7845808 67692 0.00 0.02 0.04 2129088 6994164 3672 46860308 70892020 162733280 6372 6 90 5 0 1 1 1 1 1 0000005a 00000000 00000002 0000001e 00000000 00000000 00000066 00000000
1346045040 18946.63 75355.60 0.00 0.47 0.07 0.18 0.01 0.00 0.00 99.08 7913500 7845560 67940 0.00 0.02 0.03 2129104 6994148 3672 46860308 70892020 162733280 6372 6 90 5 0 1 1 1 1 1 0000005a 00000000 00000002 0000001e 00000000 00000000 00000066 00000000
1346045060 18966.77 75435.77 0.00 0.47 0.07 0.18 0.01 0.00 0.00 99.08 7913500 7845664 67836 0.00 0.02 0.03 2129120 6994132 3672 46860308 70892020 162733280 6372 6 90 5 0 1 1 1 1 1 0000005a 00000000 00000002 0000001e 00000000 00000000 00000066 00000000
1346045080 18986.92 75516.34 0.00 0.47 0.07 0.18 0.01 0.00 0.00 99.08 7913500 7845392 68108 0.00 0.02 0.03 2129136 6994116 3672 46860308 70892020 162733280 6372 6 90 5 0 1 1 1 1 1 0000005a 00000000 00000002 0000001e 00000000 00000000 00000066 00000000
1346045100 19007.06 75596.22 0.00 0.47 0.07 0.18 0.01 0.00 0.00 99.08 7913500 7845444 68056 0.00 0.02 0.03 2129148 6994104 3672 46860308 70892020 162733280 6372 6 90 5 0 1 1 1 1 1 0000005a 00000000 00000002 0000001e 00000000 00000000 00000066 00000000
1346045120 19027.21 75676.92 0.00 0.47 0.07 0.18 0.01 0.00 0.00 99.08 7913500 7845436 68064 0.00 0.01 0.03 2129172 6994080 3672 46860308 70892020 162733280 6372 6 90 5 0 1 1 1 1 1 0000005a 00000000 00000002 0000001e 00000000 00000000 00000066 00000000
1346045141 19047.35 75757.27 0.00 0.47 0.07 0.18 0.01 0.00 0.00 99.08 7913500 7845560 67940 0.00 0.01 0.02 2129180 6994072 3672 46860308 70892020 162733280 6372 6 90 5 0 1 1 1 1 1 0000005a 00000000 00000002 0000001e 00000000 00000000 00000066 00000000
1346045161 19067.49 75837.36 0.00 0.47 0.07 0.18 0.01 0.00 0.00 99.08 7913500 7845624 67876 0.00 0.01 0.02 2129200 6994052 3680 46860300 70892020 162733280 6372 6 90 5 0 1 1 1 1 1 0000005a 00000000 00000002 0000001e 00000000 00000000 00000066 00000000
1346045181 19087.64 75918.65 0.00 0.47 0.07 0.18 0.01 0.00 0.00 99.08 7913500 7845576 67924 0.00 0.01 0.02 2129212 6994040 3696 46860284 70892020 162733280 6372 6 90 5 0 1 1 1 1 1 0000005a 00000000 00000002 0000001e 00000000 00000000 00000066 00000000
1346045201 19107.78 75998.81 0.00 0.47 0.07 0.18 0.01 0.00 0.00 99.08 7913500 7845476 68024 0.00 0.01 0.02 2129228 6994024 3700 46860280 70892020 162733280 6372 6 90 5 0 1 1 1 1 1 0000005a 00000000 00000002 0000001e 00000000 00000000 00000066 00000000
1346045221 19127.92 76080.10 0.00 0.47 0.07 0.18 0.01 0.00 0.00 99.08 7913500 7845800 67700 0.00 0.00 0.02 2129248 6994004 3716 46860264 70892020 162733280 6372 6 90 5 0 1 1 1 1 1 0000005a 00000000 00000002 0000001e 00000000 00000000 00000066 00000000
1346045241 19148.07 76160.18 0.00 0.47 0.07 0.18 0.01 0.00 0.00 99.08 7913500 7845684 67816 0.00 0.00 0.01 2129260 6993992 3716 46860264 70892020 162733280 6372 6 90 5 0 1 1 1 1 1 0000005a 00000000 00000002 0000001e 00000000 00000000 00000066 00000000
1346045261 19168.21 76240.87 0.00 0.47 0.07 0.18 0.01 0.00 0.00 99.08 7913500 7845640 67860 0.00 0.00 0.01 2129276 6993976 3728 46860252 70892020 162733280 6372 6 93 5 0 1 1 1 1 1 0000005a 00000000 00000002 0000001e 00000000 00000000 00000066 00000000
1346045282 19188.36 76321.29 0.00 0.47 0.07 0.18 0.01 0.00 0.00 99.08 7913500 7845792 67708 0.06 0.02 0.02 2129292 6993960 3728 46860252 70892020 162733280 6372 6 93 5 0 1 1 1 1 1 0000005a 00000000 00000002 0000001e 00000000 00000000 00000066 00000000
1346045302 19208.50 76401.34 0.00 0.47 0.07 0.18 0.01 0.00 0.00 99.08 7913500 7845692 67808 0.19 0.05 0.02 2129304 6993948 3736 46860244 70892020 162733280 6372 6 95 5 0 1 1 1 1 1 0000005a 00000000 00000002 0000001e 00000000 00000000 00000066 00000000
1346045322 19228.65 76482.09 0.00 0.47 0.07 0.18 0.01 0.00 0.00 99.08 7913500 7845792 67708 0.34 0.09 0.04 2129320 6993932 3736 46860244 70892020 162733280 6372 6 95 5 0 1 1 1 1 1 0000005a 00000000 00000002 0000001e 00000000 00000000 00000066 00000000
1346045342 19248.79 76562.31 0.00 0.47 0.07 0.18 0.01 0.00 0.00 99.08 7913500 7845996 67504 0.24 0.08 0.04 2129336 6993916 3736 46860244 70892020 162733280 6372 6 95 5 0 1 1 1 1 1 0000005a 00000000 00000002 0000001e 00000000 00000000 00000066 00000000
1346045362 19268.94 76643.56 0.00 0.47 0.07 0.18 0.01 0.00 0.00 99.08 7913500 7846408 67092 0.17 0.08 0.03 2129348 6993904 3736 46860244 70892020 162733280 6372 6 95 5 0 1 1 1 1 1 0000005a 00000000 00000002 0000001e 00000000 00000000 00000066 00000000
1346045382 19289.08 76723.86 0.00 0.47 0.07 0.18 0.01 0.00 0.00 99.08 7913500 7845684 67816 0.12 0.07 0.03 2129368 6993884 3736 46860244 70892020 162733280 6372 6 95 5 0 1 1 1 1 1 0000005a 00000000 00000002 0000001e 00000000 00000000 00000066 00000000
1346045402 19309.24 76804.73 0.00 0.47 0.07 0.18 0.01 0.00 0.00 99.08 7913500 7845444 68056 0.09 0.07 0.03 2129380 6993872 3736 46860244 70892020 162733280 6372 6 95 5 0 1 1 1 1 1 0000005a 00000000 00000002 0000001e 00000000 00000000 00000066 00000000
1346045423 19329.39 76884.87 0.00 0.47 0.07 0.18 0.01 0.00 0.00 99.08 7913500 7846172 67328 0.06 0.06 0.03 2129400 6993852 3736 46860244 70892020 162733280 6372 6 95 5 0 1 1 1 1 1 0000005a 00000000 00000002 0000001e 00000000 00000000 00000066 00000000
1346045443 19349.53 76965.34 0.00 0.47 0.07 0.18 0.01 0.00 0.00 99.08 7913500 7846056 67444 0.04 0.06 0.03 2129412 6993840 3736 46860244 70892020 162733280 6372 6 95 5 0 1 1 1 1 1 0000005a 00000000 00000002 0000001e 00000000 00000000 00000066 00000000
1346045463 19369.67 77046.12 0.00 0.47 0.07 0.18 0.01 0.00 0.00 99.08 7913500 7846180 67320 0.03 0.05 0.02 2129428 6993824 3736 46860244 70892020 162733280 6372 6 95 5 0 1 1 1 1 1 0000005a 00000000 00000002 0000001e 00000000 00000000 00000066 00000000
1346045483 19389.81 77126.46 0.00 0.47 0.07 0.18 0.01 0.00 0.00 99.08 7913500 7845948 67552 0.16 0.08 0.03 2129448 6993804 3744 46860236 70892020 162733280 6372 6 95 5 0 1 1 1 1 1 0000005a 00000000 00000002 0000001e 00000000 00000000 00000066 00000000
1346045503 19409.95 77207.49 0.00 0.47 0.07 0.18 0.01 0.00 0.00 99.08 7913500 7846428 67072 0.12 0.07 0.03 2129460 6993792 3760 46860220 70892020 162733280 6372 6 95 5 0 1 1 1 1 1 0000005a 00000000 00000002 0000001e 00000000 00000000 00000066 00000000
1346045523 19430.09 77287.95 0.00 0.47 0.07 0.18 0.01 0.00 0.00 99.08 7913500 7846056 67444 0.08 0.07 0.03 2129480 6993772 3776 46860204 70892020 162733280 6372 6 95 5 0 1 1 1 1 1 0000005a 00000000 00000002 0000001e 00000000 00000000 00000066 00000000
1346045543 19450.24 77368.28 0.00 0.47 0.07 0.18 0.01 0.00 0.00 99.08 7913500 7846048 67452 0.06 0.06 0.03 2129492 6993760 3780 46860200 70892020 162733280 6372 6 95 5 0 1 1 1 1 1 0000005a 00000000 00000002 0000001e 00000000 00000000 00000066 00000000
1346045564 19470.38 77448.59 0.00 0.47 0.07 0.18 0.01 0.00 0.00 99.08 7913500 7845816 67684 0.04 0.06 0.03 2129508 6993744 3780 46860200 70892020 162733280 6372 6 95 5 0 1 1 1 1 1 0000005a 00000000 00000002 0000001e 00000000 00000000 00000066 00000000
1346045584 19490.53 77529.16 0.00 0.47 0.07 0.18 0.01 0.00 0.00 99.08 7913500 7846048 67452 0.03 0.05 0.02 2129524 6993728 3780 46860200 70892020 162733280 6372 6 95 5 0 1 1 1 1 1 0000005a 00000000 00000002 0000001e 00000000 00000000 00000066 00000000
1346045604 19510.67 77609.60 0.00 0.47 0.07 0.18 0.01 0.00 0.00 99.08 7913500 7845800 67700 0.02 0.05 0.02 2129536 6993716 3780 46860200 70892020 162733280 6372 6 95 5 0 1 1 1 1 1 0000005a 00000000 00000002 0000001e 00000000 00000000 00000066 00000000
1346045624 19530.81 77689.73 0.00 0.47 0.07 0.18 0.01 0.00 0.00 99.09 7913500 7845924 67576 0.01 0.04 0.02 2129556 6993696 3780 46860200 70892020 162733280 6372 6 95 5 0 1 1 1 1 1 0000005a 00000000 00000002 0000001e 00000000 00000000 00000066 00000000
1346045644 19550.96 77770.00 0.00 0.47 0.07 0.18 0.01 0.00 0.00 99.09 7913500 7845932 67568 0.01 0.04 0.02 2129568 6993684 3780 46860200 70892020 162733280 6372 6 95 5 0 1 1 1 1 1 0000005a 00000000 00000002 0000001e 00000000 00000000 00000066 00000000
1346045664 19571.10 77850.44 0.00 0.47 0.07 0.18 0.01 0.00 0.00 99.09 7913500 7846312 67188 0.00 0.04 0.02 2129588 6993664 3780 46860200 70892020 162733280 6372 6 95 5 0 1 1 1 1 1 0000005a 00000000 00000002 0000001e 00000000 00000000 00000066 00000000
1346045684 19591.25 77931.47 0.00 0.47 0.07 0.18 0.01 0.00 0.00 99.09 7913500 7845916 67584 0.00 0.03 0.01 2129600 6993652 3780 46860200 70892020 162733280 6372 6 95 5 0 1 1 1 1 1 0000005a 00000000 00000002 0000001e 00000000 00000000 00000066 00000000
1346045705 19611.39 78011.43 0.00 0.47 0.07 0.18 0.01 0.00 0.00 99.09 7913500 7846180 67320 0.00 0.03 0.01 2129616 6993636 3788 46860192 70892020 162733280 6372 6 95 5 0 1 1 1 1 1 0000005a 00000000 00000002 0000001e 00000000 00000000 00000066 00000000
1346045725 19631.53 78091.92 0.00 0.47 0.07 0.18 0.01 0.00 0.00 99.09 7913500 7846288 67212 0.00 0.03 0.01 2129636 6993616 3804 46860176 70892020 162733280 6372 6 95 5 0 1 1 1 1 1 0000005a 00000000 00000002 0000001e 00000000 00000000 00000066 00000000
1346045745 19651.68 78172.03 0.00 0.47 0.07 0.18 0.01 0.00 0.00 99.09 7913500 7846180 67320 0.00 0.03 0.01 2129648 6993604 3804 46860176 70892020 162733280 6372 6 95 5 0 1 1 1 1 1 0000005a 00000000 00000002 0000001e 00000000 00000000 00000066 00000000
1346045765 19671.82 78253.15 0.00 0.47 0.07 0.18 0.01 0.00 0.00 99.09 7913500 7846156 67344 0.00 0.02 0.01 2129660 6993592 3820 46860160 70892020 162733280 6372 6 95 5 0 1 1 1 1 1 0000005a 00000000 00000002 0000001e 00000000 00000000 00000066 00000000
1346045785 19691.96 78333.28 0.00 0.47 0.07 0.18 0.01 0.00 0.00 99.09 7913500 7846172 67328 0.00 0.02 0.00 2129680 6993572 3820 46860160 70892020 162733280 6372 6 95 5 0 1 1 1 1 1 0000005a 00000000 00000002 0000001e 00000000 00000000 00000066 00000000
1346045805 19712.11 78413.55 0.00 0.47 0.07 0.18 0.01 0.00 0.00 99.09 7913500 7846188 67312 0.00 0.02 0.00 2129692 6993560 3820 46860160 70892020 162733280 6372 6 95 5 0 1 1 1 1 1 0000005a 00000000 00000002 0000001e 00000000 00000000 00000066 00000000
1346045825 19732.25 78493.96 0.00 0.47 0.07 0.18 0.01 0.00 0.00 99.09 7913500 7846428 67072 0.00 0.02 0.00 2129708 6993544 3820 46860160 70892020 162733280 6372 6 95 5 0 1 1 1 1 1 0000005a 00000000 00000002 0000001e 00000000 00000000 00000066 00000000
1346045846 19752.40 78574.41 0.00 0.47 0.07 0.18 0.01 0.00 0.00 99.09 7913500 7846288 67212 0.00 0.02 0.00 2129724 6993528 3820 46860160 70892020 162733280 6372 6 95 5 0 1 1 1 1 1 0000005a 00000000 00000002 0000001e 00000000 00000000 00000066 00000000
1346045866 19772.54 78655.49 0.00 0.47 0.07 0.18 0.01 0.00 0.00 99.09 7913500 7846412 67088 0.00 0.01 0.00 2129740 6993512 3824 46860156 70892020 162733280 6372 6 95 5 0 1 1 1 1 1 0000005a 00000000 00000002 0000001e 00000000 00000000 00000066 00000000
1346045886 19792.69 78735.84 0.00 0.47 0.07 0.18 0.01 0.00 0.00 99.09 7913500 7846188 67312 0.00 0.01 0.00 2129756 6993496 3824 46860156 70892020 162733280 6372 6 95 5 0 1 1 1 1 1 0000005a 00000000 00000002 0000001e 00000000 00000000 00000066 00000000
1346045906 19812.83 78815.85 0.00 0.47 0.07 0.18 0.01 0.00 0.00 99.09 7913500 7846164 67336 0.00 0.01 0.00 2129772 6993480 3824 46860156 70892020 162733280 6372 6 95 5 0 1 1 1 1 1 0000005a 00000000 00000002 0000001e 00000000 00000000 00000066 00000000
1346045926 19832.97 78896.27 0.00 0.47 0.07 0.18 0.01 0.00 0.00 99.09 7913500 7846560 66940 0.00 0.01 0.00 2129788 6993464 3824 46860156 70892020 162733280 6372 6 95 5 0 1 1 1 1 1 0000005a 00000000 00000002 0000001e 00000000 00000000 00000066 00000000
1346045946 19853.11 78976.99 0.00 0.47 0.07 0.18 0.01 0.00 0.00 99.09 7913500 7846676 66824 0.00 0.01 0.00 2129808 6993444 3832 46860148 70892020 162733280 6372 6 95 5 0 1 1 1 1 1 0000005a 00000000 00000002 0000001e 00000000 00000000 00000066 00000000
1346045966 19873.26 79057.07 0.00 0.47 0.07 0.18 0.01 0.00 0.00 99.09 7913500 7846288 67212 0.00 0.00 0.00 2129820 6993432 3848 46860132 70892020 162733280 6372 6 95 5 0 1 1 1 1 1 0000005a 00000000 00000002 0000001e 00000000 00000000 00000066 00000000
1346045987 19893.40 79137.53 0.00 0.47 0.07 0.18 0.01 0.00 0.00 99.09 7913500 7846668 66832 0.00 0.00 0.00 2129836 6993416 3856 46860124 70892020 162733280 6372 6 95 5 0 1 1 1 1 1 0000005a 00000000 00000002 0000001e 00000000 00000000 00000066 00000000
1346046007 19913.55 79215.77 0.00 0.47 0.07 0.18 0.01 0.00 0.00 99.09 7913500 7822640 90860 0.21 0.05 0.01 2129868 6993384 3864 46860116 72074396 161550904 6479 6 95 5 0 1 1 1 1 1 0000005c 00000001 00000000 0000001e 0000006b 00000000 00000069 00000000
1346046027 19933.71 79291.57 0.00 0.47 0.07 0.18 0.01 0.00 0.00 99.08 7913500 7855844 57656 0.44 0.11 0.03 2129900 6993352 3864 46860116 74093444 159531856 6661 6 95 5 0 1 1 1 1 1 0000005f 00000001 00000001 0000001f 00000059 00000000 0000006c 00000000
1346046047 19953.88 79366.51 0.00 0.48 0.07 0.18 0.01 0.00 0.00 99.07 7913500 7663476 250024 0.38 0.12 0.04 2129936 6993316 3864 46860116 76249956 157375344 6854 6 95 5 0 1 1 1 1 1 00000062 00000001 00000002 00000020 0000002a 00000000 0000006f 00000000
1346046067 19974.06 79443.11 0.00 0.48 0.07 0.18 0.01 0.00 0.00 99.07 7913500 7821708 91792 0.48 0.16 0.05 2129968 6993284 3864 46860116 77961828 155663472 7008 6 95 5 0 1 1 1 1 1 00000063 00000000 00000002 00000021 00000000 00000000 00000070 00000000
1346046087 19994.21 79523.37 0.00 0.48 0.07 0.18 0.01 0.00 0.00 99.07 7913500 7824056 89444 0.34 0.15 0.05 2129984 6993268 3864 46860116 77961828 155663472 7008 6 95 5 0 1 1 1 1 1 00000063 00000000 00000002 00000021 00000000 00000000 00000070 00000000
1346046108 20014.35 79603.56 0.00 0.48 0.07 0.18 0.01 0.00 0.00 99.07 7913500 7823956 89544 0.24 0.14 0.05 2129996 6993256 3864 46860116 77961828 155663472 7008 6 95 5 0 1 1 1 1 1 00000063 00000000 00000002 00000021 00000000 00000000 00000070 00000000
1346046128 20034.50 79683.54 0.00 0.48 0.07 0.18 0.01 0.00 0.00 99.07 7913500 7823692 89808 0.17 0.13 0.05 2130012 6993240 3864 46860116 77961828 155663472 7008 6 95 5 0 1 1 1 1 1 00000063 00000000 00000002 00000021 00000000 00000000 00000070 00000000
1346046148 20054.65 79763.93 0.00 0.48 0.07 0.18 0.01 0.00 0.00 99.07 7913500 7823684 89816 0.12 0.12 0.04 2130032 6993220 3864 46860116 77961828 155663472 7008 6 95 5 0 1 1 1 1 1 00000063 00000000 00000002 00000021 00000000 00000000 00000070 00000000
1346046168 20074.80 79844.77 0.00 0.48 0.07 0.18 0.01 0.00 0.00 99.07 7913500 7823816 89684 0.09 0.11 0.04 2130040 6993212 3872 46860108 77961828 155663472 7008 6 95 5 0 1 1 1 1 1 00000063 00000000 00000002 00000021 00000000 00000000 00000070 00000000
1346046188 20094.95 79924.88 0.00 0.48 0.07 0.18 0.01 0.00 0.00 99.07 7913500 7824072 89428 0.06 0.10 0.04 2130064 6993188 3892 46860088 77961828 155663472 7008 6 95 5 0 1 1 1 1 1 00000063 00000000 00000002 00000021 00000000 00000000 00000070 00000000
1346046208 20115.09 80005.32 0.00 0.48 0.07 0.18 0.01 0.00 0.00 99.07 7913500 7824056 89444 0.04 0.09 0.04 2130072 6993180 3892 46860088 77961828 155663472 7008 6 95 5 0 1 1 1 1 1 00000063 00000000 00000002 00000021 00000000 00000000 00000070 00000000
1346046228 20135.24 80085.62 0.00 0.48 0.07 0.18 0.01 0.00 0.00 99.07 7913500 7823584 89916 0.09 0.10 0.04 2130092 6993160 3908 46860072 77961828 155663472 7008 6 95 5 0 1 1 1 1 1 00000063 00000000 00000002 00000021 00000000 00000000 00000070 00000000
1346046249 20155.39 80165.84 0.00 0.48 0.07 0.18 0.01 0.00 0.00 99.07 7913500 7824072 89428 0.40 0.17 0.07 2130104 6993148 3908 46860072 77961828 155663472 7008 6 95 5 0 1 1 1 1 1 00000063 00000000 00000002 00000021 00000000 00000000 00000070 00000000
1346046269 20175.53 80246.39 0.00 0.48 0.07 0.18 0.01 0.00 0.00 99.07 7913500 7823832 89668 0.29 0.16 0.06 2130120 6993132 3912 46860068 77961828 155663472 7008 6 96 5 0 1 1 1 1 1 00000063 00000000 00000002 00000021 00000000 00000000 00000070 00000000
1346046289 20195.68 80326.40 0.00 0.48 0.07 0.18 0.01 0.00 0.00 99.07 7913500 7823576 89924 0.20 0.15 0.06 2130140 6993112 3920 46860060 77961828 155663472 7008 6 98 5 0 1 1 1 1 1 00000063 00000000 00000002 00000021 00000000 00000000 00000070 00000000
1346046309 20215.83 80406.18 0.00 0.48 0.07 0.18 0.01 0.00 0.00 99.07 7913500 7823840 89660 0.15 0.14 0.06 2130152 6993100 3924 46860056 77961828 155663472 7008 6 99 5 0 1 1 1 1 1 00000063 00000000 00000002 00000021 00000000 00000000 00000070 00000000
1346046329 20235.97 80486.46 0.00 0.48 0.07 0.18 0.01 0.00 0.00 99.07 7913500 7823856 89644 0.10 0.13 0.06 2130164 6993088 3928 46860052 77961828 155663472 7008 6 100 5 0 1 1 1 1 1 00000063 00000000 00000002 00000021 00000000 00000000 00000070 00000000
1346046349 20256.13 80567.11 0.00 0.48 0.07 0.18 0.01 0.00 0.00 99.07 7913500 7823980 89520 0.07 0.12 0.06 2130184 6993068 3928 46860052 77961828 155663472 7008 6 100 5 0 1 1 1 1 1 00000063 00000000 00000002 00000021 00000000 00000000 00000070 00000000
1346046370 20276.27 80647.31 0.00 0.48 0.07 0.18 0.01 0.00 0.00 99.07 7913500 7824212 89288 0.05 0.11 0.05 2130196 6993056 3928 46860052 77961828 155663472 7008 6 100 5 0 1 1 1 1 1 00000063 00000000 00000002 00000021 00000000 00000000 00000070 00000000
1346046390 20296.42 80727.41 0.00 0.48 0.07 0.18 0.01 0.00 0.00 99.07 7913500 7824188 89312 0.04 0.10 0.05 2130212 6993040 3928 46860052 77961828 155663472 7008 6 100 5 0 1 1 1 1 1 00000063 00000000 00000002 00000021 00000000 00000000 00000070 00000000
1346046410 20316.56 80807.73 0.00 0.48 0.07 0.18 0.01 0.00 0.00 99.07 7913500 7824072 89428 0.02 0.10 0.05 2130232 6993020 3928 46860052 77961828 155663472 7008 6 100 5 0 1 1 1 1 1 00000063 00000000 00000002 00000021 00000000 00000000 00000070 00000000
1346046430 20336.71 80888.05 0.00 0.48 0.07 0.18 0.01 0.00 0.00 99.07 7913500 7824048 89452 0.02 0.09 0.05 2130240 6993012 3928 46860052 77961828 155663472 7008 6 100 5 0 1 1 1 1 1 00000063 00000000 00000002 00000021 00000000 00000000 00000070 00000000
1346046450 20356.85 80968.70 0.00 0.48 0.07 0.18 0.01 0.00 0.00 99.07 7913500 7823948 89552 0.01 0.08 0.05 2130260 6992992 3928 46860052 77961828 155663472 7008 6 100 5 0 1 1 1 1 1 00000063 00000000 00000002 00000021 00000000 00000000 00000070 00000000
1346046470 20377.00 81049.10 0.00 0.48 0.07 0.18 0.01 0.00 0.00 99.07 7913500 7823824 89676 0.01 0.08 0.04 2130272 6992980 3928 46860052 77961828 155663472 7008 6 100 5 0 1 1 1 1 1 00000063 00000000 00000002 00000021 00000000 00000000 00000070 00000000
1346046490 20397.15 81129.83 0.00 0.48 0.07 0.18 0.01 0.00 0.00 99.07 7913500 7824088 89412 0.00 0.07 0.04 2130292 6992960 3936 46860044 77961828 155663472 7008 6 100 5 0 1 1 1 1 1 00000063 00000000 00000002 00000021 00000000 00000000 00000070 00000000
1346046511 20417.30 81209.86 0.00 0.48 0.07 0.18 0.01 0.00 0.00 99.07 7913500 7824444 89056 0.00 0.06 0.04 2130308 6992944 3956 46860024 77961828 155663472 7008 6 100 5 0 1 1 1 1 1 00000063 00000000 00000002 00000021 00000000 00000000 00000070 00000000
1346046531 20437.44 81290.19 0.00 0.48 0.07 0.18 0.01 0.00 0.00 99.07 7913500 7824344 89156 0.00 0.06 0.04 2130320 6992932 3964 46860016 77961828 155663472 7008 6 100 5 0 1 1 1 1 1 00000063 00000000 00000002 00000021 00000000 00000000 00000070 00000000
1346046551 20457.59 81370.21 0.00 0.48 0.07 0.18 0.01 0.00 0.00 99.07 7913500 7824056 89444 0.00 0.05 0.04 2130340 6992912 3972 46860008 77961828 155663472 7008 6 100 5 0 1 1 1 1 1 00000063 00000000 00000002 00000021 00000000 00000000 00000070 00000000
1346046571 20477.74 81450.93 0.00 0.48 0.07 0.18 0.01 0.00 0.00 99.07 7913500 7824460 89040 0.00 0.05 0.03 2130352 6992900 3972 46860008 77961828 155663472 7008 6 100 5 0 1 1 1 1 1 00000063 00000000 00000002 00000021 00000000 00000000 00000070 00000000
1346046591 20497.88 81531.07 0.00 0.48 0.07 0.18 0.01 0.00 0.00 99.08 7913500 7824436 89064 0.00 0.05 0.03 2130372 6992880 3972 46860008 77961828 155663472 7008 6 100 5 0 1 1 1 1 1 00000063 00000000 00000002 00000021 00000000 00000000 00000070 00000000
1346046611 20518.03 81611.28 0.00 0.48 0.07 0.18 0.01 0.00 0.00 99.08 7913500 7824444 89056 0.00 0.04 0.03 2130380 6992872 3972 46860008 77961828 155663472 7008 6 100 5 0 1 1 1 1 1 00000063 00000000 00000002 00000021 00000000 00000000 00000070 00000000
1346046631 20538.17 81692.15 0.00 0.48 0.07 0.18 0.01 0.00 0.00 99.08 7913500 7823900 89600 0.00 0.04 0.03 2130400 6992852 3972 46860008 77961828 155663472 7008 6 100 5 0 1 1 1 1 1 00000063 00000000 00000002 00000021 00000000 00000000 00000070 00000000
1346046652 20558.32 81772.25 0.00 0.48 0.07 0.18 0.01 0.00 0.00 99.08 7913500 7824312 89188 0.00 0.04 0.03 2130412 6992840 3972 46860008 77961828 155663472 7008 6 100 5 0 1 1 1 1 1 00000063 00000000 00000002 00000021 00000000 00000000 00000070 00000000
1346046672 20578.46 81852.40 0.00 0.48 0.07 0.18 0.01 0.00 0.00 99.08 7913500 7824188 89312 0.00 0.03 0.02 2130428 6992824 3972 46860008 77961828 155663472 7008 6 100 5 0 1 1 1 1 1 00000063 00000000 00000002 00000021 00000000 00000000 00000070 00000000
1346046692 20598.61 81932.13 0.00 0.48 0.07 0.18 0.01 0.00 0.00 99.08 7913500 7824056 89444 0.28 0.09 0.04 2130452 6992800 3972 46860008 77961828 155663472 7008 6 100 5 0 1 1 1 1 1 00000063 00000000 00000002 00000021 00000000 00000000 00000070 00000000
1346046712 20618.76 82012.22 0.00 0.47 0.07 0.18 0.01 0.00 0.00 99.08 7913500 7824428 89072 0.20 0.09 0.04 2130460 6992792 3980 46860000 77961828 155663472 7008 6 100 5 0 1 1 1 1 1 00000063 00000000 00000002 00000021 00000000 00000000 00000070 00000000
1346046732 20638.91 82092.51 0.00 0.47 0.07 0.18 0.01 0.00 0.00 99.08 7913500 7824544 88956 0.14 0.08 0.04 2130476 6992776 3996 46859984 77961828 155663472 7008 6 100 5 0 1 1 1 1 1 00000063 00000000 00000002 00000021 00000000 00000000 00000070 00000000
1346046752 20659.05 82172.73 0.00 0.47 0.07 0.18 0.01 0.00 0.00 99.08 7913500 7824576 88924 0.10 0.07 0.04 2130492 6992760 3996 46859984 77961828 155663472 7008 6 100 5 0 1 1 1 1 1 00000063 00000000 00000002 00000021 00000000 00000000 00000070 00000000
1346046772 20679.20 82253.47 0.00 0.47 0.07 0.18 0.01 0.00 0.00 99.08 7913500 7824568 88932 0.07 0.07 0.04 2130508 6992744 4012 46859968 77961828 155663472 7008 6 100 5 0 1 1 1 1 1 00000063 00000000 00000002 00000021 00000000 00000000 00000070 00000000
1346046793 20699.34 82333.67 0.00 0.47 0.07 0.18 0.01 0.00 0.00 99.08 7913500 7824196 89304 0.05 0.06 0.03 2130524 6992728 4012 46859968 77961828 155663472 7008 6 100 5 0 1 1 1 1 1 00000063 00000000 00000002 00000021 00000000 00000000 00000070 00000000
1346046813 20719.50 82413.94 0.00 0.47 0.07 0.18 0.01 0.00 0.00 99.08 7913500 7824196 89304 0.04 0.06 0.03 2130540 6992712 4012 46859968 77961828 155663472 7008 6 100 5 0 1 1 1 1 1 00000063 00000000 00000002 00000021 00000000 00000000 00000070 00000000
1346046833 20739.65 82494.01 0.00 0.47 0.07 0.18 0.01 0.00 0.00 99.08 7913500 7823824 89676 0.02 0.05 0.03 2130552 6992700 4016 46859964 77961828 155663472 7008 6 100 5 0 1 1 1 1 1 00000063 00000000 00000002 00000021 00000000 00000000 00000070 00000000
1346046853 20759.79 82574.48 0.00 0.47 0.07 0.18 0.01 0.00 0.00 99.08 7913500 7824560 88940 0.02 0.05 0.03 2130572 6992680 4016 46859964 77961828 155663472 7008 6 100 5 0 1 1 1 1 1 00000063 00000000 00000002 00000021 00000000 00000000 00000070 00000000
1346046873 20779.93 82654.78 0.00 0.47 0.07 0.18 0.01 0.00 0.00 99.08 7913500 7824700 88800 0.01 0.04 0.03 2130584 6992668 4016 46859964 77961828 155663472 7008 6 100 5 0 1 1 1 1 1 00000063 00000000 00000002 00000021 00000000 00000000 00000070 00000000
1346046893 20800.08 82735.38 0.00 0.47 0.07 0.18 0.01 0.00 0.00 99.08 7913500 7824320 89180 0.01 0.04 0.02 2130600 6992652 4016 46859964 77961828 155663472 7008 6 100 5 0 1 1 1 1 1 00000063 00000000 00000002 00000021 00000000 00000000 00000070 00000000
1346046913 20820.23 82815.39 0.00 0.47 0.07 0.18 0.01 0.00 0.00 99.08 7913500 7824452 89048 0.00 0.04 0.02 2130620 6992632 4016 46859964 77961828 155663472 7008 6 100 5 0 1 1 1 1 1 00000063 00000000 00000002 00000021 00000000 00000000 00000070 00000000
1346046934 20840.38 82895.38 0.00 0.47 0.07 0.18 0.01 0.00 0.00 99.08 7913500 7824072 89428 0.00 0.03 0.02 2130628 6992624 4016 46859964 77961828 155663472 7008 6 100 5 0 1 1 1 1 1 00000063 00000000 00000002 00000021 00000000 00000000 00000070 00000000
1346046954 20860.52 82975.75 0.00 0.47 0.07 0.18 0.01 0.00 0.00 99.08 7913500 7824568 88932 0.00 0.03 0.02 2130648 6992604 4024 46859956 77961828 155663472 7008 6 100 5 0 1 1 1 1 1 00000063 00000000 00000002 00000021 00000000 00000000 00000070 00000000
1346046974 20880.66 83055.61 0.00 0.47 0.07 0.18 0.01 0.00 0.00 99.08 7913500 7824064 89436 0.00 0.03 0.02 2130664 6992588 4040 46859940 77961828 155663472 7008 6 100 5 0 1 1 1 1 1 00000063 00000000 00000002 00000021 00000000 00000000 00000070 00000000
1346046994 20900.81 83135.49 0.00 0.47 0.07 0.18 0.01 0.00 0.00 99.08 7913500 7824328 89172 0.07 0.04 0.02 2130680 6992572 4048 46859932 77961828 155663472 7008 6 100 5 0 1 1 1 1 1 00000063 00000000 00000002 00000021 00000000 00000000 00000070 00000000
1346047014 20920.95 83215.36 0.00 0.47 0.07 0.18 0.01 0.00 0.00 99.08 7913500 7824064 89436 0.05 0.04 0.02 2130696 6992556 4056 46859924 77961828 155663472 7008 6 100 5 0 1 1 1 1 1 00000063 00000000 00000002 00000021 00000000 00000000 00000070 00000000
1346047034 20941.09 83295.94 0.00 0.47 0.07 0.18 0.01 0.00 0.00 99.08 7913500 7824468 89032 0.03 0.03 0.02 2130712 6992540 4056 46859924 77961828 155663472 7008 6 100 5 0 1 1 1 1 1 00000063 00000000 00000002 00000021 00000000 00000000 00000070 00000000
1346047054 20961.24 83375.98 0.00 0.47 0.07 0.18 0.01 0.00 0.00 99.08 7913500 7824460 89040 0.02 0.03 0.01 2130724 6992528 4056 46859924 77961828 155663472 7008 6 100 5 0 1 1 1 1 1 00000063 00000000 00000002 00000021 00000000 00000000 00000070 00000000
1346047075 20981.39 83456.67 0.00 0.47 0.07 0.18 0.01 0.00 0.00 99.08 7913500 7824808 88692 0.02 0.03 0.01 2130740 6992512 4056 46859924 77961828 155663472 7008 6 100 5 0 1 1 1 1 1 00000063 00000000 00000002 00000021 00000000 00000000 00000070 00000000
1346047095 21001.54 83536.63 0.00 0.47 0.07 0.18 0.01 0.00 0.00 99.08 7913500 7825088 88412 0.01 0.03 0.01 2130760 6992492 4056 46859924 77961828 155663472 7008 6 100 5 0 1 1 1 1 1 00000063 00000000 00000002 00000021 00000000 00000000 00000070 00000000
1346047115 21021.69 83616.68 0.00 0.47 0.07 0.18 0.01 0.00 0.00 99.08 7913500 7824956 88544 0.01 0.02 0.01 2130772 6992480 4056 46859924 77961828 155663472 7008 6 100 5 0 1 1 1 1 1 00000063 00000000 00000002 00000021 00000000 00000000 00000070 00000000
1346047135 21041.85 83697.21 0.00 0.47 0.07 0.18 0.01 0.00 0.00 99.08 7913500 7825180 88320 0.00 0.02 0.01 2130792 6992460 4056 46859924 77961828 155663472 7008 6 100 5 0 1 1 1 1 1 00000063 00000000 00000002 00000021 00000000 00000000 00000070 00000000
1346047155 21062.00 83777.46 0.00 0.47 0.07 0.18 0.01 0.00 0.00 99.08 7913500 7825204 88296 0.00 0.02 0.00 2130804 6992448 4056 46859924 77961828 155663472 7008 6 100 5 0 1 1 1 1 1 00000063 00000000 00000002 00000021 00000000 00000000 00000070 00000000
1346047175 21082.14 83857.56 0.00 0.47 0.07 0.18 0.01 0.00 0.00 99.08 7913500 7825172 88328 0.28 0.08 0.02 2130816 6992436 4068 46859912 77961828 155663472 7008 6 100 5 0 1 1 1 1 1 00000063 00000000 00000002 00000021 00000000 00000000 00000070 00000000
1346047196 21102.28 83937.76 0.00 0.47 0.07 0.18 0.01 0.00 0.00 99.08 7913500 7825584 87916 0.31 0.11 0.03 2130836 6992416 4084 46859896 77961828 155663472 7008 6 100 5 0 1 1 1 1 1 00000063 00000000 00000002 00000021 00000000 00000000 00000070 00000000
1346047216 21122.43 84018.47 0.00 0.47 0.07 0.18 0.01 0.00 0.00 99.08 7913500 7825576 87924 0.22 0.10 0.03 2130848 6992404 4084 46859896 77961828 155663472 7008 6 100 5 0 1 1 1 1 1 00000063 00000000 00000002 00000021 00000000 00000000 00000070 00000000
1346047236 21142.58 84098.14 0.00 0.47 0.07 0.18 0.01 0.00 0.00 99.08 7913500 7825452 88048 0.16 0.09 0.03 2130864 6992388 4100 46859880 77961828 155663472 7008 6 100 5 0 1 1 1 1 1 00000063 00000000 00000002 00000021 00000000 00000000 00000070 00000000
1346047256 21162.72 84178.13 0.00 0.47 0.07 0.18 0.01 0.00 0.00 99.08 7913500 7825452 88048 0.11 0.08 0.03 2130884 6992368 4100 46859880 77961828 155663472 7008 6 100 5 0 1 1 1 1 1 00000063 00000000 00000002 00000021 00000000 00000000 00000070 00000000
1346047276 21182.87 84258.70 0.00 0.47 0.07 0.18 0.01 0.00 0.00 99.08 7913500 7825576 87924 0.08 0.08 0.02 2130892 6992360 4104 46859876 77961828 155663472 7008 6 101 5 0 1 1 1 1 1 00000063 00000000 00000002 00000021 00000000 00000000 00000070 00000000
1346047296 21203.01 84339.05 0.00 0.47 0.07 0.18 0.01 0.00 0.00 99.08 7913500 7825096 88404 0.06 0.07 0.02 2130912 6992340 4112 46859868 77961828 155663472 7008 6 103 5 0 1 1 1 1 1 00000063 00000000 00000002 00000021 00000000 00000000 00000070 00000000
1346047316 21223.16 84419.48 0.00 0.47 0.07 0.18 0.01 0.00 0.00 99.08 7913500 7825568 87932 0.24 0.11 0.04 2130928 6992324 4116 46859864 77961828 155663472 7008 6 104 5 0 1 1 1 1 1 00000063 00000000 00000002 00000021 00000000 00000000 00000070 00000000
1346047337 21243.31 84499.43 0.00 0.47 0.07 0.18 0.01 0.00 0.00 99.08 7913500 7825948 87552 0.17 0.11 0.04 2130940 6992312 4120 46859860 77961828 155663472 7008 6 105 5 0 1 1 1 1 1 00000063 00000000 00000002 00000021 00000000 00000000 00000070 00000000
1346047357 21263.46 84580.26 0.00 0.47 0.07 0.18 0.01 0.00 0.00 99.08 7913500 7825700 87800 0.20 0.12 0.04 2130960 6992292 4120 46859860 77961828 155663472 7008 6 105 5 0 1 1 1 1 1 00000063 00000000 00000002 00000021 00000000 00000000 00000070 00000000
1346047377 21283.61 84660.51 0.00 0.47 0.07 0.18 0.01 0.00 0.00 99.08 7913500 7825444 88056 0.27 0.14 0.05 2130972 6992280 4120 46859860 77961828 155663472 7008 6 105 5 0 1 1 1 1 1 00000063 00000000 00000002 00000021 00000000 00000000 00000070 00000000
1346047397 21303.76 84741.02 0.00 0.47 0.07 0.18 0.01 0.00 0.00 99.08 7913500 7825824 87676 0.20 0.13 0.05 2130988 6992264 4120 46859860 77961828 155663472 7008 6 105 5 0 1 1 1 1 1 00000063 00000000 00000002 00000021 00000000 00000000 00000070 00000000
1346047417 21323.91 84821.34 0.00 0.47 0.07 0.18 0.01 0.00 0.00 99.08 7913500 7825648 87852 0.14 0.12 0.04 2131004 6992248 4120 46859860 77961828 155663472 7008 6 105 5 0 1 1 1 1 1 00000063 00000000 00000002 00000021 00000000 00000000 00000070 00000000
1346047437 21344.06 84902.06 0.00 0.47 0.07 0.18 0.01 0.00 0.00 99.08 7913500 7825684 87816 0.10 0.11 0.04 2131020 6992232 4120 46859860 77961828 155663472 7008 6 105 5 0 1 1 1 1 1 00000063 00000000 00000002 00000021 00000000 00000000 00000070 00000000
1346047457 21364.20 84982.43 0.00 0.47 0.07 0.18 0.01 0.00 0.00 99.08 7913500 7825972 87528 0.07 0.10 0.04 2131032 6992220 4120 46859860 77961828 155663472 7008 6 105 5 0 1 1 1 1 1 00000063 00000000 00000002 00000021 00000000 00000000 00000070 00000000
1346047478 21384.35 85062.82 0.00 0.47 0.07 0.18 0.01 0.00 0.00 99.08 7913500 7825824 87676 0.05 0.10 0.04 2131048 6992204 4120 46859860 77961828 155663472 7008 6 105 5 0 1 1 1 1 1 00000063 00000000 00000002 00000021 00000000 00000000 00000070 00000000
1346047498 21404.50 85143.16 0.00 0.47 0.07 0.18 0.01 0.00 0.00 99.08 7913500 7825832 87668 0.03 0.09 0.04 2131068 6992184 4132 46859848 77961828 155663472 7008 6 105 5 0 1 1 1 1 1 00000063 00000000 00000002 00000021 00000000 00000000 00000070 00000000
1346047518 21424.65 85223.24 0.00 0.47 0.07 0.18 0.01 0.00 0.00 99.08 7913500 7825832 87668 0.02 0.08 0.03 2131080 6992172 4148 46859832 77961828 155663472 7008 6 105 5 0 1 1 1 1 1 00000063 00000000 00000002 00000021 00000000 00000000 00000070 00000000
1346047538 21444.80 85303.90 0.00 0.47 0.07 0.18 0.01 0.00 0.00 99.08 7913500 7825460 88040 0.02 0.08 0.03 2131100 6992152 4156 46859824 77961828 155663472 7008 6 105 5 0 1 1 1 1 1 00000063 00000000 00000002 00000021 00000000 00000000 00000070 00000000
1346047558 21464.95 85384.11 0.00 0.47 0.07 0.18 0.01 0.00 0.00 99.08 7913500 7825956 87544 0.01 0.07 0.03 2131112 6992140 4164 46859816 77961828 155663472 7008 6 105 5 0 1 1 1 1 1 00000063 00000000 00000002 00000021 00000000 00000000 00000070 00000000
1346047578 21485.09 85464.20 0.00 0.47 0.07 0.18 0.01 0.00 0.00 99.08 7913500 7825692 87808 0.01 0.06 0.03 2131128 6992124 4164 46859816 77961828 155663472 7008 6 105 5 0 1 1 1 1 1 00000063 00000000 00000002 00000021 00000000 00000000 00000070 00000000
1346047598 21505.24 85544.27 0.00 0.47 0.07 0.18 0.01 0.00 0.00 99.08 7913500 7825544 87956 0.00 0.06 0.03 2131144 6992108 4164 46859816 77961828 155663472 7008 6 105 5 0 1 1 1 1 1 00000063 00000000 00000002 00000021 00000000 00000000 00000070 00000000
1346047619 21525.38 85624.33 0.00 0.47 0.07 0.18 0.01 0.00 0.00 99.08 7913500 7826048 87452 0.00 0.05 0.02 2131156 6992096 4164 46859816 77961828 155663472 7008 6 105 5 0 1 1 1 1 1 00000063 00000000 00000002 00000021 00000000 00000000 00000070 00000000
1346047639 21545.53 85704.57 0.00 0.47 0.07 0.18 0.01 0.00 0.00 99.08 7913500 7825608 87892 0.00 0.05 0.02 2131176 6992076 4164 46859816 77961828 155663472 7008 6 105 5 0 1 1 1 1 1 00000063 00000000 00000002 00000021 00000000 00000000 00000070 00000000
1346047659 21565.68 85785.02 0.00 0.47 0.07 0.18 0.01 0.00 0.00 99.08 7913500 7825592 87908 0.00 0.05 0.02 2131192 6992060 4164 46859816 77961828 155663472 7008 6 105 5 0 1 1 1 1 1 00000063 00000000 00000002 00000021 00000000 00000000 00000070 00000000
1346047679 21585.82 85865.45 0.00 0.47 0.07 0.18 0.01 0.00 0.00 99.08 7913500 7825816 87684 0.00 0.04 0.02 2131200 6992052 4164 46859816 77961828 155663472 7008 6 105 5 0 1 1 1 1 1 00000063 00000000 00000002 00000021 00000000 00000000 00000070 00000000
1346047699 21605.96 85945.07 0.00 0.47 0.07 0.18 0.01 0.00 0.00 99.08 7913500 7826252 87248 0.00 0.04 0.02 2131224 6992028 4164 46859816 77961828 155663472 7008 6 105 5 0 1 1 1 1 1 00000063 00000000 00000002 00000021 00000000 00000000 00000070 00000000
1346047719 21626.12 86025.69 0.00 0.47 0.07 0.18 0.01 0.00 0.00 99.09 7913500 7825840 87660 0.00 0.04 0.01 2131236 6992016 4172 46859808 77961828 155663472 7008 6 105 5 0 1 1 1 1 1 00000063 00000000 00000002 00000021 00000000 00000000 00000070 00000000
1346047739 21646.26 86105.79 0.00 0.47 0.07 0.18 0.01 0.00 0.00 99.09 7913500 7825920 87580 0.15 0.06 0.02 2131252 6992000 4188 46859792 77961828 155663472 7008 6 105 5 0 1 1 1 1 1 00000063 00000000 00000002 00000021 00000000 00000000 00000070 00000000
1346047760 21666.41 86186.81 0.00 0.47 0.07 0.18 0.01 0.00 0.00 99.09 7913500 7825964 87536 0.11 0.06 0.02 2131268 6991984 4188 46859792 77961828 155663472 7008 6 105 5 0 1 1 1 1 1 00000063 00000000 00000002 00000021 00000000 00000000 00000070 00000000
1346047780 21686.55 86266.96 0.00 0.47 0.07 0.18 0.01 0.00 0.00 99.09 7913500 7825568 87932 0.08 0.05 0.02 2131280 6991972 4196 46859784 77961828 155663472 7008 6 105 5 0 1 1 1 1 1 00000063 00000000 00000002 00000021 00000000 00000000 00000070 00000000
1346047800 21706.70 86347.51 0.00 0.47 0.07 0.18 0.01 0.00 0.00 99.09 7913500 7826196 87304 0.05 0.05 0.02 2131300 6991952 4204 46859776 77961828 155663472 7008 6 105 5 0 1 1 1 1 1 00000063 00000000 00000002 00000021 00000000 00000000 00000070 00000000
1346047820 21726.85 86427.62 0.00 0.47 0.07 0.18 0.01 0.00 0.00 99.09 7913500 7825904 87596 0.04 0.05 0.02 2131312 6991940 4208 46859772 77961828 155663472 7008 6 105 5 0 1 1 1 1 1 00000063 00000000 00000002 00000021 00000000 00000000 00000070 00000000
