1346062360 36267.25 144296.86 0.00 0.49 0.07 0.18 0.01 0.00 0.00 99.06 7913500 7849824 63676 0.00 0.02 0.02 2142340 6980912 6984 46856996 134498044 99127256 12094 11 175 5 0 1 1 1 1 1 000000ab 00000000 00000002 00000039 00000000 00000000 000000c0 00000000
1346062381 36287.44 144377.28 0.00 0.49 0.07 0.18 0.01 0.00 0.00 99.06 7913500 7849708 63792 0.00 0.01 0.02 2142352 6980900 6988 46856992 134498044 99127256 12094 11 175 5 0 1 1 1 1 1 000000ab 00000000 00000002 00000039 00000000 00000000 000000c0 00000000
1346062401 36307.62 144457.00 0.00 0.49 0.07 0.18 0.01 0.00 0.00 99.06 7913500 7849800 63700 0.06 0.03 0.02 2142368 6980884 6988 46856992 134498044 99127256 12094 11 175 5 0 1 1 1 1 1 000000ab 00000000 00000002 00000039 00000000 00000000 000000c0 00000000
1346062421 36327.80 144537.57 0.00 0.49 0.07 0.18 0.01 0.00 0.00 99.06 7913500 7850212 63288 0.04 0.03 0.02 2142384 6980868 7016 46856964 134498044 99127256 12094 11 178 5 0 1 1 1 1 1 000000ab 00000000 00000002 00000039 00000000 00000000 000000c0 00000000
1346062441 36347.98 144617.65 0.00 0.49 0.07 0.18 0.01 0.00 0.00 99.06 7913500 7850284 63216 0.03 0.02 0.02 2142400 6980852 7016 46856964 134498044 99127256 12094 11 178 5 0 1 1 1 1 1 000000ab 00000000 00000002 00000039 00000000 00000000 000000c0 00000000
1346062461 36368.17 144697.93 0.00 0.49 0.07 0.18 0.01 0.00 0.00 99.06 7913500 7849980 63520 0.30 0.09 0.04 2142416 6980836 7016 46856964 134498044 99127256 12094 11 178 5 0 1 1 1 1 1 000000ab 00000000 00000002 00000039 00000000 00000000 000000c0 00000000
1346062482 36388.35 144778.20 0.00 0.49 0.07 0.18 0.01 0.00 0.00 99.06 7913500 7850228 63272 0.22 0.08 0.03 2142432 6980820 7016 46856964 134498044 99127256 12094 11 178 5 0 1 1 1 1 1 000000ab 00000000 00000002 00000039 00000000 00000000 000000c0 00000000
1346062502 36408.54 144858.48 0.00 0.49 0.07 0.18 0.01 0.00 0.00 99.06 7913500 7850176 63324 0.15 0.07 0.03 2142444 6980808 7020 46856960 134498044 99127256 12094 11 179 5 0 1 1 1 1 1 000000ab 00000000 00000002 00000039 00000000 00000000 000000c0 00000000
1346062522 36428.72 144938.73 0.00 0.49 0.07 0.18 0.01 0.00 0.00 99.06 7913500 7850516 62984 0.11 0.07 0.03 2142464 6980788 7024 46856956 134498044 99127256 12094 11 180 5 0 1 1 1 1 1 000000ab 00000000 00000002 00000039 00000000 00000000 000000c0 00000000
1346062542 36448.91 145018.62 0.00 0.49 0.07 0.18 0.01 0.00 0.00 99.06 7913500 7850548 62952 0.08 0.06 0.03 2142480 6980772 7024 46856956 134498044 99127256 12094 11 180 5 0 1 1 1 1 1 000000ab 00000000 00000002 00000039 00000000 00000000 000000c0 00000000
1346062562 36469.09 145099.26 0.00 0.49 0.07 0.18 0.01 0.00 0.00 99.06 7913500 7850468 63032 0.06 0.06 0.03 2142492 6980760 7024 46856956 134498044 99127256 12094 11 180 5 0 1 1 1 1 1 000000ab 00000000 00000002 00000039 00000000 00000000 000000c0 00000000
1346062583 36489.28 145179.09 0.00 0.49 0.07 0.18 0.01 0.00 0.00 99.06 7913500 7850420 63080 0.04 0.05 0.02 2142512 6980740 7024 46856956 134498044 99127256 12094 11 180 5 0 1 1 1 1 1 000000ab 00000000 00000002 00000039 00000000 00000000 000000c0 00000000
1346062603 36509.46 145259.16 0.00 0.49 0.07 0.18 0.01 0.00 0.00 99.06 7913500 7850696 62804 0.03 0.05 0.02 2142524 6980728 7024 46856956 134498044 99127256 12094 11 180 5 0 1 1 1 1 1 000000ab 00000000 00000002 00000039 00000000 00000000 000000c0 00000000
1346062623 36529.64 145339.09 0.00 0.49 0.07 0.18 0.01 0.00 0.00 99.06 7913500 7850872 62628 0.10 0.06 0.03 2142544 6980708 7024 46856956 134498044 99127256 12094 11 180 5 0 1 1 1 1 1 000000ab 00000000 00000002 00000039 00000000 00000000 000000c0 00000000
1346062643 36549.82 145419.22 0.00 0.49 0.07 0.18 0.01 0.00 0.00 99.06 7913500 7850328 63172 0.20 0.09 0.03 2142560 6980692 7048 46856932 134498044 99127256 12094 11 180 5 0 1 1 1 1 1 000000ab 00000000 00000002 00000039 00000000 00000000 000000c0 00000000
1346062663 36570.01 145499.67 0.00 0.49 0.07 0.18 0.01 0.00 0.00 99.06 7913500 7850864 62636 0.14 0.08 0.03 2142576 6980676 7048 46856932 134498044 99127256 12094 11 180 5 0 1 1 1 1 1 000000ab 00000000 00000002 00000039 00000000 00000000 000000c0 00000000
1346062683 36590.19 145579.85 0.00 0.49 0.07 0.18 0.01 0.00 0.00 99.06 7913500 7850336 63164 0.10 0.08 0.03 2142588 6980664 7048 46856932 134498044 99127256 12094 11 180 5 0 1 1 1 1 1 000000ab 00000000 00000002 00000039 00000000 00000000 000000c0 00000000
1346062704 36610.38 145660.03 0.00 0.49 0.07 0.18 0.01 0.00 0.00 99.06 7913500 7850648 62852 0.07 0.07 0.03 2142608 6980644 7052 46856928 134498044 99127256 12094 11 180 5 0 1 1 1 1 1 000000ab 00000000 00000002 00000039 00000000 00000000 000000c0 00000000
1346062724 36630.56 145740.42 0.00 0.49 0.07 0.18 0.01 0.00 0.00 99.06 7913500 7850724 62776 0.05 0.06 0.03 2142620 6980632 7060 46856920 134498044 99127256 12094 11 180 5 0 1 1 1 1 1 000000ab 00000000 00000002 00000039 00000000 00000000 000000c0 00000000
1346062744 36650.74 145821.04 0.00 0.49 0.07 0.18 0.01 0.00 0.00 99.06 7913500 7850772 62728 0.04 0.06 0.02 2142636 6980616 7068 46856912 134498044 99127256 12094 11 180 5 0 1 1 1 1 1 000000ab 00000000 00000002 00000039 00000000 00000000 000000c0 00000000
1346062764 36670.92 145901.13 0.00 0.49 0.07 0.18 0.01 0.00 0.00 99.06 7913500 7850616 62884 0.02 0.05 0.02 2142656 6980596 7068 46856912 134498044 99127256 12094 11 180 5 0 1 1 1 1 1 000000ab 00000000 00000002 00000039 00000000 00000000 000000c0 00000000
1346062784 36691.10 145981.59 0.00 0.49 0.07 0.18 0.01 0.00 0.00 99.06 7913500 7850568 62932 0.02 0.05 0.02 2142668 6980584 7068 46856912 134498044 99127256 12094 11 180 5 0 1 1 1 1 1 000000ab 00000000 00000002 00000039 00000000 00000000 000000c0 00000000
1346062805 36711.28 146062.07 0.00 0.49 0.07 0.18 0.01 0.00 0.00 99.06 7913500 7850656 62844 0.01 0.05 0.02 2142688 6980564 7068 46856912 134498044 99127256 12094 11 180 5 0 1 1 1 1 1 000000ab 00000000 00000002 00000039 00000000 00000000 000000c0 00000000
1346062825 36731.47 146142.80 0.00 0.49 0.07 0.18 0.01 0.00 0.00 99.06 7913500 7850684 62816 0.01 0.04 0.02 2142700 6980552 7068 46856912 134498044 99127256 12094 11 180 5 0 1 1 1 1 1 000000ab 00000000 00000002 00000039 00000000 00000000 000000c0 00000000
1346062845 36751.66 146223.06 0.00 0.49 0.07 0.18 0.01 0.00 0.00 99.06 7913500 7850980 62520 0.00 0.04 0.01 2142712 6980540 7068 46856912 134498044 99127256 12094 11 180 5 0 1 1 1 1 1 000000ab 00000000 00000002 00000039 00000000 00000000 000000c0 00000000
1346062865 36771.84 146303.50 0.00 0.49 0.07 0.18 0.01 0.00 0.00 99.06 7913500 7850880 62620 0.00 0.04 0.01 2142732 6980520 7092 46856888 134498044 99127256 12094 11 180 5 0 1 1 1 1 1 000000ab 00000000 00000002 00000039 00000000 00000000 000000c0 00000000
1346062885 36792.02 146384.08 0.00 0.49 0.07 0.18 0.01 0.00 0.00 99.06 7913500 7850948 62552 0.00 0.03 0.01 2142748 6980504 7092 46856888 134498044 99127256 12094 11 180 5 0 1 1 1 1 1 000000ab 00000000 00000002 00000039 00000000 00000000 000000c0 00000000
1346062905 36812.20 146464.36 0.00 0.49 0.07 0.18 0.01 0.00 0.00 99.06 7913500 7850632 62868 0.00 0.03 0.01 2142760 6980492 7092 46856888 134498044 99127256 12094 11 180 5 0 1 1 1 1 1 000000ab 00000000 00000002 00000039 00000000 00000000 000000c0 00000000
1346062926 36832.39 146544.91 0.00 0.49 0.07 0.18 0.01 0.00 0.00 99.06 7913500 7851028 62472 0.00 0.03 0.01 2142780 6980472 7092 46856888 134498044 99127256 12094 11 180 5 0 1 1 1 1 1 000000ab 00000000 00000002 00000039 00000000 00000000 000000c0 00000000
1346062946 36852.57 146624.87 0.00 0.49 0.07 0.18 0.01 0.00 0.00 99.06 7913500 7851136 62364 0.08 0.04 0.01 2142796 6980456 7100 46856880 134498044 99127256 12094 11 180 5 0 1 1 1 1 1 000000ab 00000000 00000002 00000039 00000000 00000000 000000c0 00000000
1346062966 36872.75 146705.06 0.00 0.49 0.07 0.18 0.01 0.00 0.00 99.06 7913500 7851036 62464 0.12 0.05 0.01 2142820 6980432 7108 46856872 134498044 99127256 12094 11 180 5 0 1 1 1 1 1 000000ab 00000000 00000002 00000039 00000000 00000000 000000c0 00000000
1346062986 36892.93 146785.47 0.00 0.49 0.07 0.18 0.01 0.00 0.00 99.06 7913500 7851212 62288 0.08 0.05 0.01 2142836 6980416 7108 46856872 134498044 99127256 12094 11 180 5 0 1 1 1 1 1 000000ab 00000000 00000002 00000039 00000000 00000000 000000c0 00000000
1346063006 36913.12 146865.93 0.00 0.49 0.07 0.18 0.01 0.00 0.00 99.06 7913500 7851064 62436 0.06 0.05 0.01 2142848 6980404 7108 46856872 134498044 99127256 12094 11 180 5 0 1 1 1 1 1 000000ab 00000000 00000002 00000039 00000000 00000000 000000c0 00000000
1346063027 36933.30 146945.78 0.00 0.49 0.07 0.18 0.01 0.00 0.00 99.06 7913500 7851188 62312 0.04 0.04 0.01 2142868 6980384 7112 46856868 134498044 99127256 12094 11 180 5 0 1 1 1 1 1 000000ab 00000000 00000002 00000039 00000000 00000000 000000c0 00000000
1346063047 36953.48 147026.32 0.00 0.49 0.07 0.18 0.01 0.00 0.00 99.06 7913500 7851004 62496 0.03 0.04 0.01 2142876 6980376 7112 46856868 134498044 99127256 12094 11 180 5 0 1 1 1 1 1 000000ab 00000000 00000002 00000039 00000000 00000000 000000c0 00000000
1346063067 36973.67 147106.99 0.00 0.49 0.07 0.18 0.01 0.00 0.00 99.06 7913500 7851212 62288 0.02 0.03 0.00 2142896 6980356 7112 46856868 134498044 99127256 12094 11 180 5 0 1 1 1 1 1 000000ab 00000000 00000002 00000039 00000000 00000000 000000c0 00000000
1346063087 36993.85 147187.21 0.00 0.49 0.07 0.18 0.01 0.00 0.00 99.06 7913500 7851028 62472 0.14 0.06 0.01 2142908 6980344 7112 46856868 134498044 99127256 12094 11 180 5 0 1 1 1 1 1 000000ab 00000000 00000002 00000039 00000000 00000000 000000c0 00000000
1346063107 37014.03 147267.62 0.00 0.49 0.07 0.18 0.01 0.00 0.00 99.06 7913500 7850948 62552 0.15 0.07 0.02 2142928 6980324 7136 46856844 134498044 99127256 12094 11 180 5 0 1 1 1 1 1 000000ab 00000000 00000002 00000039 00000000 00000000 000000c0 00000000
1346063127 37034.21 147347.88 0.00 0.49 0.07 0.18 0.01 0.00 0.00 99.06 7913500 7850856 62644 0.19 0.08 0.02 2142940 6980312 7136 46856844 134498044 99127256 12094 11 180 5 0 1 1 1 1 1 000000ab 00000000 00000002 00000039 00000000 00000000 000000c0 00000000
1346063148 37054.40 147428.21 0.00 0.49 0.07 0.18 0.01 0.00 0.00 99.06 7913500 7850964 62536 0.42 0.14 0.04 2142956 6980296 7136 46856844 134498044 99127256 12094 11 180 5 0 1 1 1 1 1 000000ab 00000000 00000002 00000039 00000000 00000000 000000c0 00000000
1346063168 37074.58 147508.26 0.00 0.49 0.07 0.18 0.01 0.00 0.00 99.06 7913500 7851012 62488 0.30 0.13 0.04 2142976 6980276 7136 46856844 134498044 99127256 12094 11 180 5 0 1 1 1 1 1 000000ab 00000000 00000002 00000039 00000000 00000000 000000c0 00000000
1346063188 37094.76 147588.65 0.00 0.49 0.07 0.18 0.01 0.00 0.00 99.06 7913500 7851360 62140 0.21 0.12 0.03 2142984 6980268 7144 46856836 134498044 99127256 12094 11 180 5 0 1 1 1 1 1 000000ab 00000000 00000002 00000039 00000000 00000000 000000c0 00000000
1346063208 37114.94 147668.75 0.00 0.49 0.07 0.18 0.01 0.00 0.00 99.06 7913500 7851152 62348 0.15 0.11 0.03 2143008 6980244 7152 46856828 134498044 99127256 12094 11 180 5 0 1 1 1 1 1 000000ab 00000000 00000002 00000039 00000000 00000000 000000c0 00000000
1346063228 37135.13 147749.02 0.00 0.49 0.07 0.18 0.01 0.00 0.00 99.06 7913500 7851304 62196 0.11 0.10 0.03 2143016 6980236 7152 46856828 134498044 99127256 12094 11 180 5 0 1 1 1 1 1 000000ab 00000000 00000002 00000039 00000000 00000000 000000c0 00000000
1346063249 37155.31 147829.19 0.00 0.49 0.07 0.18 0.01 0.00 0.00 99.06 7913500 7851384 62116 0.08 0.10 0.03 2143036 6980216 7152 46856828 134498044 99127256 12094 11 180 5 0 1 1 1 1 1 000000ab 00000000 00000002 00000039 00000000 00000000 000000c0 00000000
1346063269 37175.49 147908.99 0.00 0.49 0.07 0.18 0.01 0.00 0.00 99.06 7913500 7851284 62216 0.05 0.09 0.03 2143052 6980200 7152 46856828 134498044 99127256 12094 11 180 5 0 1 1 1 1 1 000000ab 00000000 00000002 00000039 00000000 00000000 000000c0 00000000
1346063289 37195.68 147989.44 0.00 0.49 0.07 0.18 0.01 0.00 0.00 99.06 7913500 7851328 62172 0.04 0.08 0.02 2143064 6980188 7152 46856828 134498044 99127256 12094 11 180 5 0 1 1 1 1 1 000000ab 00000000 00000002 00000039 00000000 00000000 000000c0 00000000
1346063309 37215.86 148069.32 0.00 0.49 0.07 0.18 0.01 0.00 0.00 99.06 7913500 7851228 62272 0.03 0.08 0.02 2143084 6980168 7152 46856828 134498044 99127256 12094 11 180 5 0 1 1 1 1 1 000000ab 00000000 00000002 00000039 00000000 00000000 000000c0 00000000
1346063329 37236.04 148149.62 0.00 0.49 0.07 0.18 0.01 0.00 0.00 99.06 7913500 7851444 62056 0.30 0.14 0.04 2143096 6980156 7168 46856812 134498044 99127256 12094 11 180 5 0 1 1 1 1 1 000000ab 00000000 00000002 00000039 00000000 00000000 000000c0 00000000
1346063349 37256.22 148229.60 0.00 0.48 0.07 0.18 0.01 0.00 0.00 99.06 7913500 7851112 62388 0.50 0.19 0.06 2143116 6980136 7180 46856800 134498044 99127256 12094 11 180 5 0 1 1 1 1 1 000000ab 00000000 00000002 00000039 00000000 00000000 000000c0 00000000
1346063370 37276.40 148310.05 0.00 0.48 0.07 0.18 0.01 0.00 0.00 99.06 7913500 7851568 61932 0.36 0.18 0.06 2143128 6980124 7180 46856800 134498044 99127256 12094 11 180 5 0 1 1 1 1 1 000000ab 00000000 00000002 00000039 00000000 00000000 000000c0 00000000
1346063390 37296.59 148390.15 0.00 0.48 0.07 0.18 0.01 0.00 0.00 99.06 7913500 7851292 62208 0.25 0.16 0.06 2143148 6980104 7180 46856800 134498044 99127256 12094 11 180 5 0 1 1 1 1 1 000000ab 00000000 00000002 00000039 00000000 00000000 000000c0 00000000
1346063410 37316.77 148470.36 0.00 0.48 0.07 0.18 0.01 0.00 0.00 99.06 7913500 7851400 62100 0.18 0.15 0.06 2143160 6980092 7180 46856800 134498044 99127256 12094 11 180 5 0 1 1 1 1 1 000000ab 00000000 00000002 00000039 00000000 00000000 000000c0 00000000
1346063430 37336.96 148550.44 0.00 0.48 0.07 0.18 0.01 0.00 0.00 99.06 7913500 7851664 61836 0.13 0.14 0.05 2143180 6980072 7200 46856780 134498044 99127256 12094 11 183 5 0 1 1 1 1 1 000000ab 00000000 00000002 00000039 00000000 00000000 000000c0 00000000
1346063450 37357.14 148630.06 0.00 0.48 0.07 0.18 0.01 0.00 0.00 99.06 7913500 7851400 62100 0.09 0.13 0.05 2143196 6980056 7208 46856772 134498044 99127256 12094 11 183 5 0 1 1 1 1 1 000000ab 00000000 00000002 00000039 00000000 00000000 000000c0 00000000
1346063471 37377.32 148710.50 0.00 0.48 0.07 0.18 0.01 0.00 0.00 99.06 7913500 7851648 61852 0.06 0.12 0.05 2143208 6980044 7208 46856772 134498044 99127256 12094 11 183 5 0 1 1 1 1 1 000000ab 00000000 00000002 00000039 00000000 00000000 000000c0 00000000
1346063491 37397.50 148790.49 0.00 0.48 0.07 0.18 0.01 0.00 0.00 99.06 7913500 7851128 62372 0.05 0.11 0.05 2143224 6980028 7208 46856772 134498044 99127256 12094 11 183 5 0 1 1 1 1 1 000000ab 00000000 00000002 00000039 00000000 00000000 000000c0 00000000
1346063511 37417.69 148870.58 0.00 0.48 0.07 0.18 0.01 0.00 0.00 99.06 7913500 7851376 62124 0.03 0.11 0.05 2143240 6980012 7212 46856768 134498044 99127256 12094 11 184 5 0 1 1 1 1 1 000000ab 00000000 00000002 00000039 00000000 00000000 000000c0 00000000
1346063531 37437.87 148950.61 0.00 0.48 0.07 0.18 0.01 0.00 0.00 99.06 7913500 7851360 62140 0.02 0.10 0.04 2143256 6979996 7216 46856764 134498044 99127256 12094 11 185 5 0 1 1 1 1 1 000000ab 00000000 00000002 00000039 00000000 00000000 000000c0 00000000
1346063551 37458.05 149030.58 0.00 0.48 0.07 0.18 0.01 0.00 0.00 99.06 7913500 7851732 61768 0.02 0.09 0.04 2143276 6979976 7216 46856764 134498044 99127256 12094 11 185 5 0 1 1 1 1 1 000000ab 00000000 00000002 00000039 00000000 00000000 000000c0 00000000
1346063571 37478.23 149110.77 0.00 0.48 0.07 0.18 0.01 0.00 0.00 99.06 7913500 7851524 61976 0.01 0.08 0.04 2143288 6979964 7216 46856764 134498044 99127256 12094 11 185 5 0 1 1 1 1 1 000000ab 00000000 00000002 00000039 00000000 00000000 000000c0 00000000
1346063592 37498.41 149191.31 0.00 0.48 0.07 0.18 0.01 0.00 0.00 99.06 7913500 7851416 62084 0.01 0.08 0.04 2143304 6979948 7216 46856764 134498044 99127256 12094 11 185 5 0 1 1 1 1 1 000000ab 00000000 00000002 00000039 00000000 00000000 000000c0 00000000
1346063612 37518.59 149271.38 0.00 0.48 0.07 0.18 0.01 0.00 0.00 99.06 7913500 7851740 61760 0.00 0.07 0.04 2143320 6979932 7216 46856764 134498044 99127256 12094 11 185 5 0 1 1 1 1 1 000000ab 00000000 00000002 00000039 00000000 00000000 000000c0 00000000
1346063632 37538.77 149351.49 0.00 0.48 0.07 0.18 0.01 0.00 0.00 99.06 7913500 7851700 61800 0.00 0.07 0.03 2143332 6979920 7216 46856764 134498044 99127256 12094 11 185 5 0 1 1 1 1 1 000000ab 00000000 00000002 00000039 00000000 00000000 000000c0 00000000
1346063652 37558.95 149432.08 0.00 0.48 0.07 0.18 0.01 0.00 0.00 99.06 7913500 7851692 61808 0.00 0.06 0.03 2143356 6979896 7240 46856740 134498044 99127256 12094 11 185 5 0 1 1 1 1 1 000000ab 00000000 00000002 00000039 00000000 00000000 000000c0 00000000
1346063672 37579.13 149512.39 0.00 0.48 0.07 0.18 0.01 0.00 0.00 99.06 7913500 7851700 61800 0.00 0.06 0.03 2143364 6979888 7244 46856736 134498044 99127256 12094 11 185 5 0 1 1 1 1 1 000000ab 00000000 00000002 00000039 00000000 00000000 000000c0 00000000
1346063693 37599.32 149593.33 0.00 0.48 0.07 0.18 0.01 0.00 0.00 99.06 7913500 7851592 61908 0.00 0.05 0.03 2143380 6979872 7244 46856736 134498044 99127256 12094 11 185 5 0 1 1 1 1 1 000000ab 00000000 00000002 00000039 00000000 00000000 000000c0 00000000
1346063713 37619.50 149673.31 0.00 0.48 0.07 0.18 0.01 0.00 0.00 99.06 7913500 7851640 61860 0.00 0.05 0.03 2143396 6979856 7244 46856736 134498044 99127256 12094 11 185 5 0 1 1 1 1 1 000000ab 00000000 00000002 00000039 00000000 00000000 000000c0 00000000
1346063733 37639.69 149753.88 0.00 0.48 0.07 0.18 0.01 0.00 0.00 99.06 7913500 7851700 61800 0.00 0.04 0.02 2143412 6979840 7252 46856728 134498044 99127256 12094 11 185 5 0 1 1 1 1 1 000000ab 00000000 00000002 00000039 00000000 00000000 000000c0 00000000
1346063753 37659.87 149834.06 0.00 0.48 0.07 0.18 0.01 0.00 0.00 99.06 7913500 7851872 61628 0.00 0.04 0.02 2143432 6979820 7260 46856720 134498044 99127256 12094 11 185 5 0 1 1 1 1 1 000000ab 00000000 00000002 00000039 00000000 00000000 000000c0 00000000
1346063773 37680.05 149914.07 0.00 0.48 0.07 0.18 0.01 0.00 0.00 99.06 7913500 7851740 61760 0.00 0.04 0.02 2143444 6979808 7260 46856720 134498044 99127256 12094 11 185 5 0 1 1 1 1 1 000000ab 00000000 00000002 00000039 00000000 00000000 000000c0 00000000
1346063793 37700.24 149994.62 0.00 0.48 0.07 0.18 0.01 0.00 0.00 99.06 7913500 7851856 61644 0.28 0.10 0.04 2143460 6979792 7260 46856720 134498044 99127256 12094 11 185 5 0 1 1 1 1 1 000000ab 00000000 00000002 00000039 00000000 00000000 000000c0 00000000
1346063814 37720.42 150074.54 0.00 0.48 0.07 0.18 0.01 0.00 0.00 99.06 7913500 7851856 61644 0.32 0.12 0.05 2143476 6979776 7260 46856720 134498044 99127256 12094 11 185 5 0 1 1 1 1 1 000000ab 00000000 00000002 00000039 00000000 00000000 000000c0 00000000
1346063834 37740.60 150155.53 0.00 0.48 0.07 0.18 0.01 0.00 0.00 99.06 7913500 7852120 61380 0.43 0.16 0.06 2143492 6979760 7260 46856720 134498044 99127256 12094 11 185 5 0 1 1 1 1 1 000000ab 00000000 00000002 00000039 00000000 00000000 000000c0 00000000
1346063854 37760.78 150235.90 0.00 0.48 0.07 0.18 0.01 0.00 0.00 99.06 7913500 7851608 61892 0.31 0.15 0.06 2143504 6979748 7260 46856720 134498044 99127256 12094 11 185 5 0 1 1 1 1 1 000000ab 00000000 00000002 00000039 00000000 00000000 000000c0 00000000
1346063874 37780.97 150315.94 0.00 0.48 0.07 0.18 0.01 0.00 0.00 99.06 7913500 7824612 88888 0.30 0.15 0.06 2143528 6979724 7276 46856704 134920136 98705164 12132 11 185 5 0 1 1 1 1 1 000000ad 00000001 00000000 00000039 00000027 00000000 000000c3 00000000
1346063894 37801.18 150391.24 0.00 0.49 0.07 0.18 0.01 0.00 0.00 99.06 7913500 7856384 57116 0.29 0.16 0.07 2143556 6979696 7284 46856696 136943572 96681728 12315 11 185 5 0 1 1 1 1 1 000000b0 00000001 00000001 0000003a 00000015 00000000 000000c6 00000000
1346063915 37821.40 150466.87 0.00 0.49 0.07 0.18 0.01 0.00 0.00 99.06 7913500 7843684 69816 0.41 0.20 0.08 2143592 6979660 7284 46856696 138966696 94658604 12497 11 185 5 0 1 1 1 1 1 000000b3 00000001 00000002 0000003b 00000002 00000000 000000c9 00000000
1346063935 37841.63 150541.76 0.00 0.49 0.07 0.18 0.01 0.00 0.00 99.05 7913500 7822584 90916 0.43 0.22 0.09 2143636 6979616 7284 46856696 141590080 92035220 12732 11 185 5 0 1 1 1 1 1 000000b4 00000000 00000002 0000003c 00000000 00000000 000000ca 00000000
1346063955 37861.85 150621.65 0.00 0.49 0.07 0.18 0.01 0.00 0.00 99.05 7913500 7827724 85776 0.31 0.20 0.09 2143644 6979608 7284 46856696 141590080 92035220 12732 11 185 5 0 1 1 1 1 1 000000b4 00000000 00000002 0000003c 00000000 00000000 000000ca 00000000
1346063975 37882.04 150701.97 0.00 0.49 0.07 0.18 0.01 0.00 0.00 99.05 7913500 7827168 86332 0.22 0.19 0.09 2143664 6979588 7292 46856688 141590080 92035220 12732 11 185 5 0 1 1 1 1 1 000000b4 00000000 00000002 0000003c 00000000 00000000 000000ca 00000000
1346063995 37902.23 150782.60 0.00 0.49 0.07 0.18 0.01 0.00 0.00 99.05 7913500 7827880 85620 0.16 0.17 0.08 2143676 6979576 7304 46856676 141590080 92035220 12732 11 185 5 0 1 1 1 1 1 000000b4 00000000 00000002 0000003c 00000000 00000000 000000ca 00000000
1346064016 37922.42 150863.17 0.00 0.49 0.07 0.18 0.01 0.00 0.00 99.05 7913500 7827400 86100 0.11 0.16 0.08 2143696 6979556 7304 46856676 141590080 92035220 12732 11 185 5 0 1 1 1 1 1 000000b4 00000000 00000002 0000003c 00000000 00000000 000000ca 00000000
1346064036 37942.60 150943.30 0.00 0.49 0.07 0.18 0.01 0.00 0.00 99.05 7913500 7828336 85164 0.08 0.15 0.08 2143712 6979540 7304 46856676 141590080 92035220 12732 11 185 5 0 1 1 1 1 1 000000b4 00000000 00000002 0000003c 00000000 00000000 000000ca 00000000
1346064056 37962.79 151023.92 0.00 0.49 0.07 0.18 0.01 0.00 0.00 99.05 7913500 7827436 86064 0.06 0.14 0.08 2143724 6979528 7304 46856676 141590080 92035220 12732 11 185 5 0 1 1 1 1 1 000000b4 00000000 00000002 0000003c 00000000 00000000 000000ca 00000000
1346064076 37982.97 151103.95 0.00 0.49 0.07 0.18 0.01 0.00 0.00 99.05 7913500 7827700 85800 0.04 0.13 0.08 2143740 6979512 7304 46856676 141590080 92035220 12732 11 185 5 0 1 1 1 1 1 000000b4 00000000 00000002 0000003c 00000000 00000000 000000ca 00000000
1346064096 38003.16 151184.28 0.00 0.49 0.07 0.18 0.01 0.00 0.00 99.05 7913500 7827040 86460 0.03 0.12 0.07 2143756 6979496 7304 46856676 141590080 92035220 12732 11 185 5 0 1 1 1 1 1 000000b4 00000000 00000002 0000003c 00000000 00000000 000000ca 00000000
1346064117 38023.34 151264.68 0.00 0.49 0.07 0.18 0.01 0.00 0.00 99.05 7913500 7828268 85232 0.02 0.11 0.07 2143772 6979480 7328 46856652 141590080 92035220 12732 11 185 5 0 1 1 1 1 1 000000b4 00000000 00000002 0000003c 00000000 00000000 000000ca 00000000
1346064137 38043.53 151345.35 0.00 0.49 0.07 0.18 0.01 0.00 0.00 99.05 7913500 7828300 85200 0.01 0.10 0.07 2143792 6979460 7328 46856652 141590080 92035220 12732 11 185 5 0 1 1 1 1 1 000000b4 00000000 00000002 0000003c 00000000 00000000 000000ca 00000000
1346064157 38063.72 151425.68 0.00 0.49 0.07 0.18 0.01 0.00 0.00 99.05 7913500 7828144 85356 0.01 0.10 0.07 2143812 6979440 7328 46856652 141590080 92035220 12732 11 185 5 0 1 1 1 1 1 000000b4 00000000 00000002 0000003c 00000000 00000000 000000ca 00000000
1346064177 38083.91 151505.73 0.00 0.49 0.07 0.18 0.01 0.00 0.00 99.05 7913500 7827508 85992 0.00 0.09 0.07 2143828 6979424 7328 46856652 141590080 92035220 12732 11 185 5 0 1 1 1 1 1 000000b4 00000000 00000002 0000003c 00000000 00000000 000000ca 00000000
1346064197 38104.10 151585.92 0.00 0.49 0.07 0.18 0.01 0.00 0.00 99.05 7913500 7827544 85956 0.00 0.08 0.06 2143840 6979412 7336 46856644 141590080 92035220 12732 11 185 5 0 1 1 1 1 1 000000b4 00000000 00000002 0000003c 00000000 00000000 000000ca 00000000
1346064218 38124.29 151666.01 0.00 0.49 0.07 0.19 0.01 0.00 0.00 99.05 7913500 7828004 85496 0.00 0.08 0.06 2143860 6979392 7344 46856636 141590080 92035220 12732 11 185 5 0 1 1 1 1 1 000000b4 00000000 00000002 0000003c 00000000 00000000 000000ca 00000000
1346064238 38144.48 151746.70 0.00 0.49 0.07 0.19 0.01 0.00 0.00 99.05 7913500 7827964 85536 0.08 0.09 0.07 2143872 6979380 7344 46856636 141590080 92035220 12732 11 185 5 0 1 1 1 1 1 000000b4 00000000 00000002 0000003c 00000000 00000000 000000ca 00000000
1346064258 38164.67 151826.90 0.00 0.49 0.07 0.18 0.01 0.00 0.00 99.05 7913500 7828160 85340 0.06 0.08 0.06 2143888 6979364 7344 46856636 141590080 92035220 12732 11 185 5 0 1 1 1 1 1 000000b4 00000000 00000002 0000003c 00000000 00000000 000000ca 00000000
1346064278 38184.86 151907.01 0.00 0.49 0.07 0.19 0.01 0.00 0.00 99.05 7913500 7828076 85424 0.04 0.08 0.06 2143908 6979344 7344 46856636 141590080 92035220 12732 11 185 5 0 1 1 1 1 1 000000b4 00000000 00000002 0000003c 00000000 00000000 000000ca 00000000
1346064298 38205.05 151987.43 0.00 0.49 0.07 0.19 0.01 0.00 0.00 99.05 7913500 7828056 85444 0.03 0.07 0.06 2143916 6979336 7344 46856636 141590080 92035220 12732 11 185 5 0 1 1 1 1 1 000000b4 00000000 00000002 0000003c 00000000 00000000 000000ca 00000000
1346064318 38225.24 152067.31 0.00 0.49 0.07 0.19 0.01 0.00 0.00 99.05 7913500 7828252 85248 0.02 0.06 0.06 2143944 6979308 7348 46856632 141590080 92035220 12732 11 185 5 0 1 1 1 1 1 000000b4 00000000 00000002 0000003c 00000000 00000000 000000ca 00000000
1346064339 38245.42 152147.35 0.00 0.49 0.07 0.19 0.01 0.00 0.00 99.05 7913500 7828308 85192 0.01 0.06 0.06 2143956 6979296 7364 46856616 141590080 92035220 12732 11 185 5 0 1 1 1 1 1 000000b4 00000000 00000002 0000003c 00000000 00000000 000000ca 00000000
1346064359 38265.61 152227.24 0.00 0.49 0.07 0.19 0.01 0.00 0.00 99.05 7913500 7827880 85620 0.01 0.05 0.05 2143968 6979284 7372 46856608 141590080 92035220 12732 11 185 5 0 1 1 1 1 1 000000b4 00000000 00000002 0000003c 00000000 00000000 000000ca 00000000
1346064379 38285.80 152307.84 0.00 0.49 0.07 0.19 0.01 0.00 0.00 99.05 7913500 7828376 85124 0.08 0.07 0.06 2143988 6979264 7372 46856608 141590080 92035220 12732 11 185 5 0 1 1 1 1 1 000000b4 00000000 00000002 0000003c 00000000 00000000 000000ca 00000000
1346064399 38305.98 152388.18 0.00 0.49 0.07 0.19 0.01 0.00 0.00 99.05 7913500 7828252 85248 0.06 0.06 0.06 2144000 6979252 7372 46856608 141590080 92035220 12732 11 185 5 0 1 1 1 1 1 000000b4 00000000 00000002 0000003c 00000000 00000000 000000ca 00000000
1346064419 38326.17 152468.64 0.00 0.49 0.07 0.19 0.01 0.00 0.00 99.05 7913500 7827824 85676 0.04 0.06 0.05 2144020 6979232 7372 46856608 141590080 92035220 12732 11 185 5 0 1 1 1 1 1 000000b4 00000000 00000002 0000003c 00000000 00000000 000000ca 00000000
1346064440 38346.36 152548.71 0.00 0.49 0.07 0.19 0.01 0.00 0.00 99.05 7913500 7828036 85464 0.03 0.05 0.05 2144032 6979220 7400 46856580 141590080 92035220 12732 11 188 5 0 1 1 1 1 1 000000b4 00000000 00000002 0000003c 00000000 00000000 000000ca 00000000
1346064460 38366.55 152629.07 0.00 0.49 0.07 0.19 0.01 0.00 0.00 99.05 7913500 7828092 85408 0.02 0.05 0.05 2144048 6979204 7400 46856580 141590080 92035220 12732 11 188 5 0 1 1 1 1 1 000000b4 00000000 00000002 0000003c 00000000 00000000 000000ca 00000000
1346064480 38386.74 152709.48 0.00 0.49 0.07 0.19 0.01 0.00 0.00 99.05 7913500 7828028 85472 0.07 0.06 0.05 2144060 6979192 7400 46856580 141590080 92035220 12732 11 188 5 0 1 1 1 1 1 000000b4 00000000 00000002 0000003c 00000000 00000000 000000ca 00000000
1346064500 38406.92 152790.21 0.00 0.49 0.07 0.19 0.01 0.00 0.00 99.05 7913500 7828376 85124 0.20 0.09 0.06 2144080 6979172 7400 46856580 141590080 92035220 12732 11 188 5 0 1 1 1 1 1 000000b4 00000000 00000002 0000003c 00000000 00000000 000000ca 00000000
1346064520 38427.11 152870.52 0.00 0.49 0.07 0.19 0.01 0.00 0.00 99.05 7913500 7828096 85404 0.37 0.13 0.08 2144092 6979160 7404 46856576 141590080 92035220 12732 11 189 5 0 1 1 1 1 1 000000b4 00000000 00000002 0000003c 00000000 00000000 000000ca 00000000
1346064541 38447.30 152950.87 0.00 0.49 0.07 0.19 0.01 0.00 0.00 99.05 7913500 7828072 85428 0.26 0.12 0.07 2144112 6979140 7408 46856572 141590080 92035220 12732 11 190 5 0 1 1 1 1 1 000000b4 00000000 00000002 0000003c 00000000 00000000 000000ca 00000000
1346064561 38467.49 153031.53 0.00 0.49 0.07 0.19 0.01 0.00 0.00 99.05 7913500 7828600 84900 0.19 0.11 0.07 2144128 6979124 7408 46856572 141590080 92035220 12732 11 190 5 0 1 1 1 1 1 000000b4 00000000 00000002 0000003c 00000000 00000000 000000ca 00000000
1346064581 38487.67 153111.93 0.00 0.49 0.07 0.19 0.01 0.00 0.00 99.06 7913500 7828732 84768 0.13 0.10 0.07 2144140 6979112 7408 46856572 141590080 92035220 12732 11 190 5 0 1 1 1 1 1 000000b4 00000000 00000002 0000003c 00000000 00000000 000000ca 00000000
1346064601 38507.86 153192.56 0.00 0.49 0.07 0.19 0.01 0.00 0.00 99.06 7913500 7828608 84892 0.09 0.10 0.07 2144160 6979092 7408 46856572 141590080 92035220 12732 11 190 5 0 1 1 1 1 1 000000b4 00000000 00000002 0000003c 00000000 00000000 000000ca 00000000
1346064621 38528.05 153272.75 0.00 0.49 0.07 0.19 0.01 0.00 0.00 99.06 7913500 7828500 85000 0.07 0.09 0.07 2144172 6979080 7408 46856572 141590080 92035220 12732 11 190 5 0 1 1 1 1 1 000000b4 00000000 00000002 0000003c 00000000 00000000 000000ca 00000000
1346064641 38548.23 153353.13 0.00 0.49 0.07 0.19 0.01 0.00 0.00 99.06 7913500 7828924 84576 0.05 0.08 0.06 2144188 6979064 7412 46856568 141590080 92035220 12732 11 190 5 0 1 1 1 1 1 000000b4 00000000 00000002 0000003c 00000000 00000000 000000ca 00000000
1346064662 38568.42 153433.33 0.00 0.49 0.07 0.19 0.01 0.00 0.00 99.06 7913500 7828692 84808 0.03 0.08 0.06 2144200 6979052 7436 46856544 141590080 92035220 12732 11 190 5 0 1 1 1 1 1 000000b4 00000000 00000002 0000003c 00000000 00000000 000000ca 00000000
1346064682 38588.61 153514.24 0.00 0.49 0.07 0.19 0.01 0.00 0.00 99.06 7913500 7828584 84916 0.02 0.07 0.06 2144220 6979032 7436 46856544 141590080 92035220 12732 11 190 5 0 1 1 1 1 1 000000b4 00000000 00000002 0000003c 00000000 00000000 000000ca 00000000
1346064702 38608.80 153594.57 0.00 0.49 0.07 0.19 0.01 0.00 0.00 99.06 7913500 7828684 84816 0.02 0.06 0.06 2144232 6979020 7436 46856544 141590080 92035220 12732 11 190 5 0 1 1 1 1 1 000000b4 00000000 00000002 0000003c 00000000 00000000 000000ca 00000000
1346064722 38628.98 153674.71 0.00 0.49 0.07 0.19 0.01 0.00 0.00 99.06 7913500 7828956 84544 0.01 0.06 0.06 2144252 6979000 7436 46856544 141590080 92035220 12732 11 190 5 0 1 1 1 1 1 000000b4 00000000 00000002 0000003c 00000000 00000000 000000ca 00000000
1346064742 38649.17 153754.93 0.00 0.49 0.07 0.19 0.01 0.00 0.00 99.06 7913500 7828952 84548 0.01 0.05 0.05 2144268 6978984 7444 46856536 141590080 92035220 12732 11 190 5 0 1 1 1 1 1 000000b4 00000000 00000002 0000003c 00000000 00000000 000000ca 00000000
1346064763 38669.36 153835.25 0.00 0.49 0.07 0.19 0.01 0.00 0.00 99.06 7913500 7828724 84776 0.00 0.05 0.05 2144284 6978968 7452 46856528 141590080 92035220 12732 11 190 5 0 1 1 1 1 1 000000b4 00000000 00000002 0000003c 00000000 00000000 000000ca 00000000
1346064783 38689.55 153915.84 0.00 0.49 0.07 0.19 0.01 0.00 0.00 99.06 7913500 7828764 84736 0.00 0.05 0.05 2144300 6978952 7452 46856528 141590080 92035220 12732 11 190 5 0 1 1 1 1 1 000000b4 00000000 00000002 0000003c 00000000 00000000 000000ca 00000000
1346064803 38709.74 153995.81 0.00 0.49 0.07 0.19 0.01 0.00 0.00 99.06 7913500 7828608 84892 0.00 0.04 0.05 2144308 6978944 7452 46856528 141590080 92035220 12732 11 190 5 0 1 1 1 1 1 000000b4 00000000 00000002 0000003c 00000000 00000000 000000ca 00000000
1346064823 38729.93 154076.28 0.00 0.49 0.07 0.19 0.01 0.00 0.00 99.06 7913500 7829012 84488 0.00 0.04 0.05 2144332 6978920 7452 46856528 141590080 92035220 12732 11 190 5 0 1 1 1 1 1 000000b4 00000000 00000002 0000003c 00000000 00000000 000000ca 00000000
1346064843 38750.12 154156.44 0.00 0.49 0.07 0.19 0.01 0.00 0.00 99.06 7913500 7828824 84676 0.00 0.04 0.04 2144344 6978908 7452 46856528 141590080 92035220 12732 11 190 5 0 1 1 1 1 1 000000b4 00000000 00000002 0000003c 00000000 00000000 000000ca 00000000
1346064864 38770.31 154237.00 0.00 0.49 0.07 0.19 0.01 0.00 0.00 99.06 7913500 7828656 84844 0.00 0.03 0.04 2144360 6978892 7452 46856528 141590080 92035220 12732 11 190 5 0 1 1 1 1 1 000000b4 00000000 00000002 0000003c 00000000 00000000 000000ca 00000000
1346064884 38790.50 154317.24 0.00 0.49 0.07 0.19 0.01 0.00 0.00 99.06 7913500 7828904 84596 0.00 0.03 0.04 2144376 6978876 7460 46856520 141590080 92035220 12732 11 190 5 0 1 1 1 1 1 000000b4 00000000 00000002 0000003c 00000000 00000000 000000ca 00000000
1346064904 38810.68 154397.02 0.00 0.49 0.07 0.19 0.01 0.00 0.00 99.06 7913500 7829080 84420 0.00 0.03 0.04 2144388 6978864 7476 46856504 141590080 92035220 12732 11 190 5 0 1 1 1 1 1 000000b4 00000000 00000002 0000003c 00000000 00000000 000000ca 00000000
1346064924 38830.87 154476.93 0.00 0.49 0.07 0.19 0.01 0.00 0.00 99.06 7913500 7829020 84480 0.00 0.02 0.04 2144404 6978848 7476 46856504 141590080 92035220 12732 11 190 5 0 1 1 1 1 1 000000b4 00000000 00000002 0000003c 00000000 00000000 000000ca 00000000
1346064944 38851.06 154556.69 0.00 0.49 0.07 0.19 0.01 0.00 0.00 99.06 7913500 7828920 84580 0.00 0.02 0.04 2144420 6978832 7476 46856504 141590080 92035220 12732 11 190 5 0 1 1 1 1 1 000000b4 00000000 00000002 0000003c 00000000 00000000 000000ca 00000000
1346064964 38871.25 154636.72 0.00 0.49 0.07 0.19 0.01 0.00 0.00 99.06 7913500 7829136 84364 0.00 0.02 0.03 2144440 6978812 7480 46856500 141590080 92035220 12732 11 190 5 0 1 1 1 1 1 000000b4 00000000 00000002 0000003c 00000000 00000000 000000ca 00000000
1346064985 38891.43 154716.48 0.00 0.49 0.07 0.19 0.01 0.00 0.00 99.06 7913500 7829128 84372 0.00 0.02 0.03 2144452 6978800 7496 46856484 141590080 92035220 12732 11 190 5 0 1 1 1 1 1 000000b4 00000000 00000002 0000003c 00000000 00000000 000000ca 00000000
1346065005 38911.62 154797.05 0.00 0.49 0.07 0.19 0.01 0.00 0.00 99.06 7913500 7829268 84232 0.00 0.02 0.03 2144468 6978784 7496 46856484 141590080 92035220 12732 11 190 5 0 1 1 1 1 1 000000b4 00000000 00000002 0000003c 00000000 00000000 000000ca 00000000
1346065025 38931.81 154876.88 0.00 0.49 0.07 0.19 0.01 0.00 0.00 99.06 7913500 7829136 84364 0.00 0.01 0.03 2144484 6978768 7496 46856484 141590080 92035220 12732 11 190 5 0 1 1 1 1 1 000000b4 00000000 00000002 0000003c 00000000 00000000 000000ca 00000000
1346065045 38952.00 154957.30 0.00 0.49 0.07 0.19 0.01 0.00 0.00 99.06 7913500 7828880 84620 0.00 0.01 0.03 2144500 6978752 7496 46856484 141590080 92035220 12732 11 190 5 0 1 1 1 1 1 000000b4 00000000 00000002 0000003c 00000000 00000000 000000ca 00000000
1346065065 38972.18 155037.50 0.00 0.49 0.07 0.19 0.01 0.00 0.00 99.06 7913500 7829188 84312 0.00 0.01 0.02 2144516 6978736 7496 46856484 141590080 92035220 12732 11 190 5 0 1 1 1 1 1 000000b4 00000000 00000002 0000003c 00000000 00000000 000000ca 00000000
1346065086 38992.37 155118.04 0.00 0.49 0.07 0.19 0.01 0.00 0.00 99.06 7913500 7829360 84140 0.00 0.01 0.02 2144528 6978724 7496 46856484 141590080 92035220 12732 11 190 5 0 1 1 1 1 1 000000b4 00000000 00000002 0000003c 00000000 00000000 000000ca 00000000
1346065106 39012.56 155198.20 0.00 0.49 0.07 0.19 0.01 0.00 0.00 99.06 7913500 7829120 84380 0.00 0.01 0.02 2144544 6978708 7496 46856484 141590080 92035220 12732 11 190 5 0 1 1 1 1 1 000000b4 00000000 00000002 0000003c 00000000 00000000 000000ca 00000000
1346065126 39032.75 155278.40 0.00 0.49 0.07 0.19 0.01 0.00 0.00 99.06 7913500 7829144 84356 0.00 0.00 0.02 2144564 6978688 7520 46856460 141590080 92035220 12732 11 190 5 0 1 1 1 1 1 000000b4 00000000 00000002 0000003c 00000000 00000000 000000ca 00000000
1346065146 39052.93 155358.97 0.00 0.49 0.07 0.19 0.01 0.00 0.00 99.06 7913500 7829460 84040 0.28 0.07 0.04 2144576 6978676 7520 46856460 141590080 92035220 12732 11 190 5 0 1 1 1 1 1 000000b4 00000000 00000002 0000003c 00000000 00000000 000000ca 00000000
1346065166 39073.12 155438.99 0.00 0.49 0.07 0.19 0.01 0.00 0.00 99.06 7913500 7829196 84304 0.24 0.08 0.04 2144596 6978656 7520 46856460 141590080 92035220 12732 11 190 5 0 1 1 1 1 1 000000b4 00000000 00000002 0000003c 00000000 00000000 000000ca 00000000
1346065187 39093.31 155519.37 0.00 0.49 0.07 0.19 0.01 0.00 0.00 99.06 7913500 7829212 84288 0.39 0.12 0.05 2144608 6978644 7520 46856460 141590080 92035220 12732 11 190 5 0 1 1 1 1 1 000000b4 00000000 00000002 0000003c 00000000 00000000 000000ca 00000000
1346065207 39113.49 155599.08 0.00 0.49 0.07 0.19 0.01 0.00 0.00 99.06 7913500 7829336 84164 0.54 0.17 0.07 2144620 6978632 7528 46856452 141590080 92035220 12732 11 190 5 0 1 1 1 1 1 000000b4 00000000 00000002 0000003c 00000000 00000000 000000ca 00000000
1346065227 39133.68 155679.35 0.00 0.49 0.07 0.19 0.01 0.00 0.00 99.06 7913500 7829376 84124 0.39 0.16 0.07 2144640 6978612 7536 46856444 141590080 92035220 12732 11 190 5 0 1 1 1 1 1 000000b4 00000000 00000002 0000003c 00000000 00000000 000000ca 00000000
1346065247 39153.86 155759.61 0.00 0.49 0.07 0.19 0.01 0.00 0.00 99.06 7913500 7829428 84072 0.28 0.15 0.07 2144652 6978600 7536 46856444 141590080 92035220 12732 11 190 5 0 1 1 1 1 1 000000b4 00000000 00000002 0000003c 00000000 00000000 000000ca 00000000
1346065267 39174.05 155839.83 0.00 0.49 0.07 0.19 0.01 0.00 0.00 99.06 7913500 7829608 83892 0.28 0.16 0.07 2144672 6978580 7536 46856444 141590080 92035220 12732 11 190 5 0 1 1 1 1 1 000000b4 00000000 00000002 0000003c 00000000 00000000 000000ca 00000000
1346065287 39194.24 155920.01 0.00 0.49 0.07 0.19 0.01 0.00 0.00 99.06 7913500 7829376 84124 0.26 0.16 0.08 2144684 6978568 7540 46856440 141590080 92035220 12732 11 190 5 0 1 1 1 1 1 000000b4 00000000 00000002 0000003c 00000000 00000000 000000ca 00000000
1346065308 39214.43 155999.96 0.00 0.49 0.07 0.19 0.01 0.00 0.00 99.06 7913500 7829212 84288 0.18 0.15 0.07 2144700 6978552 7540 46856440 141590080 92035220 12732 11 190 5 0 1 1 1 1 1 000000b4 00000000 00000002 0000003c 00000000 00000000 000000ca 00000000
1346065328 39234.62 156080.13 0.00 0.49 0.07 0.19 0.01 0.00 0.00 99.06 7913500 7829352 84148 0.13 0.14 0.07 2144716 6978536 7540 46856440 141590080 92035220 12732 11 190 5 0 1 1 1 1 1 000000b4 00000000 00000002 0000003c 00000000 00000000 000000ca 00000000
1346065348 39254.81 156160.59 0.00 0.49 0.07 0.19 0.01 0.00 0.00 99.06 7913500 7829328 84172 0.09 0.13 0.07 2144732 6978520 7548 46856432 141590080 92035220 12732 11 190 5 0 1 1 1 1 1 000000b4 00000000 00000002 0000003c 00000000 00000000 000000ca 00000000
1346065368 39275.00 156241.20 0.00 0.49 0.07 0.19 0.01 0.00 0.00 99.06 7913500 7829312 84188 0.07 0.12 0.07 2144748 6978504 7564 46856416 141590080 92035220 12732 11 190 5 0 1 1 1 1 1 000000b4 00000000 00000002 0000003c 00000000 00000000 000000ca 00000000
1346065388 39295.19 156321.40 0.00 0.49 0.07 0.19 0.01 0.00 0.00 99.06 7913500 7829592 83908 0.05 0.11 0.07 2144764 6978488 7564 46856416 141590080 92035220 12732 11 190 5 0 1 1 1 1 1 000000b4 00000000 00000002 0000003c 00000000 00000000 000000ca 00000000
1346065409 39315.38 156401.43 0.00 0.49 0.07 0.19 0.01 0.00 0.00 99.06 7913500 7829484 84016 0.03 0.10 0.06 2144780 6978472 7564 46856416 141590080 92035220 12732 11 190 5 0 1 1 1 1 1 000000b4 00000000 00000002 0000003c 00000000 00000000 000000ca 00000000
1346065429 39335.56 156481.42 0.00 0.49 0.07 0.19 0.01 0.00 0.00 99.06 7913500 7829400 84100 0.02 0.10 0.06 2144792 6978460 7564 46856416 141590080 92035220 12732 11 190 5 0 1 1 1 1 1 000000b4 00000000 00000002 0000003c 00000000 00000000 000000ca 00000000
1346065449 39355.75 156561.73 0.00 0.49 0.07 0.19 0.01 0.00 0.00 99.06 7913500 7829244 84256 0.02 0.09 0.06 2144812 6978440 7592 46856388 141590080 92035220 12732 11 193 5 0 1 1 1 1 1 000000b4 00000000 00000002 0000003c 00000000 00000000 000000ca 00000000
1346065469 39375.94 156641.72 0.00 0.49 0.07 0.19 0.01 0.00 0.00 99.06 7913500 7829152 84348 0.01 0.08 0.06 2144820 6978432 7592 46856388 141590080 92035220 12732 11 193 5 0 1 1 1 1 1 000000b4 00000000 00000002 0000003c 00000000 00000000 000000ca 00000000
1346065489 39396.13 156722.50 0.00 0.49 0.07 0.19 0.01 0.00 0.00 99.06 7913500 7829188 84312 0.01 0.08 0.06 2144832 6978420 7592 46856388 141590080 92035220 12732 11 193 5 0 1 1 1 1 1 000000b4 00000000 00000002 0000003c 00000000 00000000 000000ca 00000000
1346065510 39416.31 156802.70 0.00 0.49 0.07 0.19 0.01 0.00 0.00 99.06 7913500 7829788 83712 0.00 0.07 0.06 2144844 6978408 7592 46856388 141590080 92035220 12732 11 193 5 0 1 1 1 1 1 000000b4 00000000 00000002 0000003c 00000000 00000000 000000ca 00000000
1346065530 39436.50 156883.14 0.00 0.49 0.07 0.19 0.01 0.00 0.00 99.06 7913500 7829408 84092 0.00 0.06 0.05 2144860 6978392 7596 46856384 141590080 92035220 12732 11 194 5 0 1 1 1 1 1 000000b4 00000000 00000002 0000003c 00000000 00000000 000000ca 00000000
1346065550 39456.69 156963.54 0.00 0.49 0.07 0.19 0.01 0.00 0.00 99.06 7913500 7829260 84240 0.00 0.06 0.05 2144876 6978376 7600 46856380 141590080 92035220 12732 11 195 5 0 1 1 1 1 1 000000b4 00000000 00000002 0000003c 00000000 00000000 000000ca 00000000
1346065570 39476.88 157043.61 0.00 0.49 0.07 0.19 0.01 0.00 0.00 99.06 7913500 7829716 83784 0.00 0.05 0.05 2144888 6978364 7600 46856380 141590080 92035220 12732 11 195 5 0 1 1 1 1 1 000000b4 00000000 00000002 0000003c 00000000 00000000 000000ca 00000000
1346065590 39497.07 157124.03 0.00 0.49 0.07 0.19 0.01 0.00 0.00 99.06 7913500 7829568 83932 0.00 0.05 0.05 2144900 6978352 7600 46856380 141590080 92035220 12732 11 195 5 0 1 1 1 1 1 000000b4 00000000 00000002 0000003c 00000000 00000000 000000ca 00000000
1346065610 39517.25 157204.06 0.00 0.49 0.07 0.19 0.01 0.00 0.00 99.06 7913500 7829980 83520 0.00 0.05 0.05 2144908 6978344 7604 46856376 141590080 92035220 12732 11 195 5 0 1 1 1 1 1 000000b4 00000000 00000002 0000003c 00000000 00000000 000000ca 00000000
1346065631 39537.44 157284.22 0.00 0.49 0.07 0.19 0.01 0.00 0.00 99.06 7913500 7829484 84016 0.00 0.04 0.04 2144924 6978328 7604 46856376 141590080 92035220 12732 11 195 5 0 1 1 1 1 1 000000b4 00000000 00000002 0000003c 00000000 00000000 000000ca 00000000
1346065651 39557.63 157364.27 0.00 0.49 0.07 0.19 0.01 0.00 0.00 99.06 7913500 7829584 83916 0.00 0.04 0.04 2144932 6978320 7604 46856376 141590080 92035220 12732 11 195 5 0 1 1 1 1 1 000000b4 00000000 00000002 0000003c 00000000 00000000 000000ca 00000000
1346065671 39577.82 157444.42 0.00 0.49 0.07 0.19 0.01 0.00 0.00 99.06 7913500 7829840 83660 0.00 0.04 0.04 2144952 6978300 7628 46856352 141590080 92035220 12732 11 195 5 0 1 1 1 1 1 000000b4 00000000 00000002 0000003c 00000000 00000000 000000ca 00000000
1346065691 39598.01 157524.76 0.00 0.49 0.07 0.19 0.01 0.00 0.00 99.06 7913500 7829468 84032 0.00 0.03 0.04 2144960 6978292 7628 46856352 141590080 92035220 12732 11 195 5 0 1 1 1 1 1 000000b4 00000000 00000002 0000003c 00000000 00000000 000000ca 00000000
1346065711 39618.20 157604.83 0.00 0.49 0.07 0.19 0.01 0.00 0.00 99.06 7913500 7829796 83704 0.00 0.03 0.04 2144976 6978276 7628 46856352 141590080 92035220 12732 11 195 5 0 1 1 1 1 1 000000b4 00000000 00000002 0000003c 00000000 00000000 000000ca 00000000
1346065732 39638.39 157685.35 0.00 0.49 0.07 0.19 0.01 0.00 0.00 99.06 7913500 7829484 84016 0.00 0.03 0.03 2144988 6978264 7628 46856352 141590080 92035220 12732 11 195 5 0 1 1 1 1 1 000000b4 00000000 00000002 0000003c 00000000 00000000 000000ca 00000000
1346065752 39658.58 157765.57 0.00 0.49 0.07 0.19 0.01 0.00 0.00 99.06 7913500 7829600 83900 0.15 0.06 0.04 2144996 6978256 7636 46856344 141590080 92035220 12732 11 195 5 0 1 1 1 1 1 000000b4 00000000 00000002 0000003c 00000000 00000000 000000ca 00000000
1346065772 39678.77 157846.06 0.00 0.49 0.07 0.19 0.01 0.00 0.00 99.06 7913500 7829848 83652 0.11 0.05 0.04 2145012 6978240 7644 46856336 141590080 92035220 12732 11 195 5 0 1 1 1 1 1 000000b4 00000000 00000002 0000003c 00000000 00000000 000000ca 00000000
1346065792 39698.96 157926.00 0.00 0.49 0.07 0.19 0.01 0.00 0.00 99.06 7913500 7829576 83924 0.08 0.05 0.04 2145024 6978228 7644 46856336 141590080 92035220 12732 11 195 5 0 1 1 1 1 1 000000b4 00000000 00000002 0000003c 00000000 00000000 000000ca 00000000
1346065812 39719.15 158006.19 0.00 0.49 0.07 0.19 0.01 0.00 0.00 99.06 7913500 7829560 83940 0.05 0.05 0.04 2145040 6978212 7644 46856336 141590080 92035220 12732 11 195 5 0 1 1 1 1 1 000000b4 00000000 00000002 0000003c 00000000 00000000 000000ca 00000000
1346065833 39739.34 158086.26 0.00 0.49 0.07 0.19 0.01 0.00 0.00 99.06 7913500 7829956 83544 0.04 0.04 0.03 2145052 6978200 7644 46856336 141590080 92035220 12732 11 195 5 0 1 1 1 1 1 000000b4 00000000 00000002 0000003c 00000000 00000000 000000ca 00000000
1346065853 39759.53 158166.50 0.00 0.49 0.07 0.19 0.01 0.00 0.00 99.06 7913500 7829880 83620 0.24 0.09 0.05 2145064 6978188 7644 46856336 141590080 92035220 12732 11 195 5 0 1 1 1 1 1 000000b4 00000000 00000002 0000003c 00000000 00000000 000000ca 00000000
1346065873 39779.72 158242.33 0.00 0.49 0.07 0.19 0.01 0.00 0.00 99.06 7913500 7772820 140680 0.38 0.13 0.06 2145092 6978160 7644 46856336 143413112 90212188 12897 11 195 5 0 1 1 1 1 1 000000b6 00000001 00000000 0000003c 000000a5 00000000 000000cd 00000000
1346065893 39799.93 158317.86 0.00 0.49 0.07 0.19 0.01 0.00 0.00 99.05 7913500 7843752 69748 0.34 0.14 0.07 2145128 6978124 7652 46856328 145436232 88189068 13079 11 195 5 0 1 1 1 1 1 000000b9 00000001 00000001 0000003d 00000094 00000000 000000d0 00000000
1346065913 39820.17 158393.56 0.00 0.49 0.07 0.19 0.01 0.00 0.00 99.05 7913500 7846640 66860 0.45 0.17 0.08 2145156 6978096 7672 46856308 147710788 85914512 13284 11 195 5 0 1 1 1 1 1 000000bc 00000001 00000002 0000003e 0000004c 00000000 000000d3 00000000
1346065934 39840.39 158471.62 0.00 0.49 0.07 0.19 0.01 0.00 0.00 99.05 7913500 7829068 84432 0.32 0.16 0.08 2145180 6978072 7672 46856308 148659888 84965412 13368 11 195 5 0 1 1 1 1 1 000000bd 00000000 00000002 0000003f 00000000 00000000 000000d4 00000000
1346065954 39860.60 158551.98 0.00 0.49 0.07 0.19 0.01 0.00 0.00 99.05 7913500 7832396 81104 0.23 0.15 0.08 2145196 6978056 7672 46856308 148659888 84965412 13368 11 195 5 0 1 1 1 1 1 000000bd 00000000 00000002 0000003f 00000000 00000000 000000d4 00000000
1346065974 39880.80 158632.38 0.00 0.49 0.07 0.19 0.01 0.00 0.00 99.05 7913500 7832636 80864 0.16 0.14 0.07 2145204 6978048 7672 46856308 148659888 84965412 13368 11 195 5 0 1 1 1 1 1 000000bd 00000000 00000002 0000003f 00000000 00000000 000000d4 00000000
