1346055097 29004.23 115400.32 0.00 0.48 0.07 0.18 0.01 0.00 0.00 99.08 7913500 7828900 84600 0.03 0.11 0.09 2136904 6986348 5596 46858384 106163240 127462060 9545 9 140 5 0 1 1 1 1 1 00000087 00000000 00000002 0000002d 00000000 00000000 00000098 00000000
1346055118 29024.41 115480.84 0.00 0.48 0.07 0.18 0.01 0.00 0.00 99.08 7913500 7828728 84772 0.02 0.10 0.08 2136924 6986328 5608 46858372 106163240 127462060 9545 9 140 5 0 1 1 1 1 1 00000087 00000000 00000002 0000002d 00000000 00000000 00000098 00000000
1346055138 29044.58 115561.34 0.00 0.48 0.07 0.18 0.01 0.00 0.00 99.08 7913500 7828496 85004 0.01 0.09 0.08 2136936 6986316 5608 46858372 106163240 127462060 9545 9 140 5 0 1 1 1 1 1 00000087 00000000 00000002 0000002d 00000000 00000000 00000098 00000000
1346055158 29064.75 115642.01 0.00 0.48 0.07 0.18 0.01 0.00 0.00 99.08 7913500 7828860 84640 0.01 0.08 0.08 2136956 6986296 5608 46858372 106163240 127462060 9545 9 140 5 0 1 1 1 1 1 00000087 00000000 00000002 0000002d 00000000 00000000 00000098 00000000
1346055178 29084.92 115721.90 0.00 0.48 0.07 0.18 0.01 0.00 0.00 99.08 7913500 7828744 84756 0.00 0.08 0.08 2136972 6986280 5608 46858372 106163240 127462060 9545 9 140 5 0 1 1 1 1 1 00000087 00000000 00000002 0000002d 00000000 00000000 00000098 00000000
1346055198 29105.09 115803.28 0.00 0.48 0.07 0.18 0.01 0.00 0.00 99.08 7913500 7828496 85004 0.00 0.07 0.08 2136984 6986268 5608 46858372 106163240 127462060 9545 9 140 5 0 1 1 1 1 1 00000087 00000000 00000002 0000002d 00000000 00000000 00000098 00000000
1346055218 29125.25 115883.54 0.00 0.48 0.07 0.18 0.01 0.00 0.00 99.08 7913500 7828628 84872 0.00 0.07 0.07 2137000 6986252 5608 46858372 106163240 127462060 9545 9 140 5 0 1 1 1 1 1 00000087 00000000 00000002 0000002d 00000000 00000000 00000098 00000000
1346055239 29145.43 115964.55 0.00 0.48 0.07 0.18 0.01 0.00 0.00 99.08 7913500 7829356 84144 0.00 0.06 0.07 2137016 6986236 5608 46858372 106163240 127462060 9545 9 140 5 0 1 1 1 1 1 00000087 00000000 00000002 0000002d 00000000 00000000 00000098 00000000
1346055259 29165.60 116044.77 0.00 0.48 0.07 0.18 0.01 0.00 0.00 99.08 7913500 7828868 84632 0.00 0.06 0.07 2137032 6986220 5632 46858348 106163240 127462060 9545 9 140 5 0 1 1 1 1 1 00000087 00000000 00000002 0000002d 00000000 00000000 00000098 00000000
1346055279 29185.78 116124.97 0.00 0.48 0.07 0.18 0.01 0.00 0.00 99.08 7913500 7828612 84888 0.00 0.05 0.07 2137048 6986204 5632 46858348 106163240 127462060 9545 9 140 5 0 1 1 1 1 1 00000087 00000000 00000002 0000002d 00000000 00000000 00000098 00000000
1346055299 29205.95 116206.05 0.00 0.48 0.07 0.18 0.01 0.00 0.00 99.08 7913500 7828620 84880 0.00 0.05 0.07 2137064 6986188 5632 46858348 106163240 127462060 9545 9 140 5 0 1 1 1 1 1 00000087 00000000 00000002 0000002d 00000000 00000000 00000098 00000000
1346055319 29226.12 116286.01 0.00 0.48 0.07 0.18 0.01 0.00 0.00 99.08 7913500 7828628 84872 0.00 0.04 0.06 2137076 6986176 5632 46858348 106163240 127462060 9545 9 140 5 0 1 1 1 1 1 00000087 00000000 00000002 0000002d 00000000 00000000 00000098 00000000
1346055340 29246.29 116366.59 0.00 0.48 0.07 0.18 0.01 0.00 0.00 99.08 7913500 7828984 84516 0.00 0.04 0.06 2137096 6986156 5656 46858324 106163240 127462060 9545 9 142 5 0 1 1 1 1 1 00000087 00000000 00000002 0000002d 00000000 00000000 00000098 00000000
1346055360 29266.46 116447.22 0.00 0.48 0.07 0.18 0.01 0.00 0.00 99.08 7913500 7829116 84384 0.00 0.04 0.06 2137112 6986140 5660 46858320 106163240 127462060 9545 9 143 5 0 1 1 1 1 1 00000087 00000000 00000002 0000002d 00000000 00000000 00000098 00000000
1346055380 29286.63 116527.50 0.00 0.48 0.07 0.18 0.01 0.00 0.00 99.08 7913500 7829000 84500 0.00 0.03 0.06 2137124 6986128 5660 46858320 106163240 127462060 9545 9 143 5 0 1 1 1 1 1 00000087 00000000 00000002 0000002d 00000000 00000000 00000098 00000000
1346055400 29306.79 116608.59 0.00 0.48 0.07 0.18 0.01 0.00 0.00 99.08 7913500 7829116 84384 0.00 0.03 0.06 2137144 6986108 5660 46858320 106163240 127462060 9545 9 143 5 0 1 1 1 1 1 00000087 00000000 00000002 0000002d 00000000 00000000 00000098 00000000
1346055420 29326.95 116688.82 0.00 0.48 0.07 0.18 0.01 0.00 0.00 99.08 7913500 7828944 84556 0.00 0.03 0.06 2137156 6986096 5664 46858316 106163240 127462060 9545 9 144 5 0 1 1 1 1 1 00000087 00000000 00000002 0000002d 00000000 00000000 00000098 00000000
1346055440 29347.12 116769.35 0.00 0.48 0.07 0.18 0.01 0.00 0.00 99.08 7913500 7829372 84128 0.00 0.03 0.05 2137172 6986080 5672 46858308 106163240 127462060 9545 9 145 5 0 1 1 1 1 1 00000087 00000000 00000002 0000002d 00000000 00000000 00000098 00000000
1346055461 29367.28 116849.66 0.00 0.48 0.07 0.18 0.01 0.00 0.00 99.08 7913500 7829348 84152 0.00 0.02 0.05 2137188 6986064 5672 46858308 106163240 127462060 9545 9 145 5 0 1 1 1 1 1 00000087 00000000 00000002 0000002d 00000000 00000000 00000098 00000000
1346055481 29387.44 116930.48 0.00 0.48 0.07 0.18 0.01 0.00 0.00 99.08 7913500 7829116 84384 0.00 0.02 0.05 2137204 6986048 5672 46858308 106163240 127462060 9545 9 145 5 0 1 1 1 1 1 00000087 00000000 00000002 0000002d 00000000 00000000 00000098 00000000
1346055501 29407.61 117010.82 0.00 0.48 0.07 0.18 0.01 0.00 0.00 99.08 7913500 7828976 84524 0.00 0.02 0.05 2137216 6986036 5672 46858308 106163240 127462060 9545 9 145 5 0 1 1 1 1 1 00000087 00000000 00000002 0000002d 00000000 00000000 00000098 00000000
1346055521 29427.77 117091.27 0.00 0.48 0.07 0.18 0.01 0.00 0.00 99.08 7913500 7829372 84128 0.00 0.02 0.05 2137236 6986016 5672 46858308 106163240 127462060 9545 9 145 5 0 1 1 1 1 1 00000087 00000000 00000002 0000002d 00000000 00000000 00000098 00000000
1346055541 29447.94 117171.80 0.00 0.48 0.07 0.18 0.01 0.00 0.00 99.08 7913500 7829224 84276 0.00 0.02 0.04 2137244 6986008 5672 46858308 106163240 127462060 9545 9 145 5 0 1 1 1 1 1 00000087 00000000 00000002 0000002d 00000000 00000000 00000098 00000000
1346055561 29468.10 117251.78 0.00 0.48 0.07 0.18 0.01 0.00 0.00 99.08 7913500 7829124 84376 0.00 0.01 0.04 2137268 6985984 5688 46858292 106163240 127462060 9545 9 145 5 0 1 1 1 1 1 00000087 00000000 00000002 0000002d 00000000 00000000 00000098 00000000
1346055582 29488.27 117332.71 0.00 0.48 0.07 0.18 0.01 0.00 0.00 99.08 7913500 7828968 84532 0.00 0.01 0.04 2137284 6985968 5696 46858284 106163240 127462060 9545 9 145 5 0 1 1 1 1 1 00000087 00000000 00000002 0000002d 00000000 00000000 00000098 00000000
1346055602 29508.43 117412.98 0.00 0.48 0.07 0.18 0.01 0.00 0.00 99.08 7913500 7829108 84392 0.00 0.01 0.04 2137296 6985956 5696 46858284 106163240 127462060 9545 9 145 5 0 1 1 1 1 1 00000087 00000000 00000002 0000002d 00000000 00000000 00000098 00000000
1346055622 29528.60 117493.48 0.00 0.48 0.07 0.18 0.01 0.00 0.00 99.08 7913500 7829248 84252 0.15 0.04 0.05 2137316 6985936 5696 46858284 106163240 127462060 9545 9 145 5 0 1 1 1 1 1 00000087 00000000 00000002 0000002d 00000000 00000000 00000098 00000000
1346055642 29548.76 117574.14 0.00 0.48 0.07 0.18 0.01 0.00 0.00 99.08 7913500 7829240 84260 0.24 0.07 0.06 2137324 6985928 5704 46858276 106163240 127462060 9545 9 145 5 0 1 1 1 1 1 00000087 00000000 00000002 0000002d 00000000 00000000 00000098 00000000
1346055662 29568.92 117654.48 0.00 0.48 0.07 0.18 0.01 0.00 0.00 99.08 7913500 7829364 84136 0.17 0.06 0.05 2137344 6985908 5712 46858268 106163240 127462060 9545 9 145 5 0 1 1 1 1 1 00000087 00000000 00000002 0000002d 00000000 00000000 00000098 00000000
1346055682 29589.09 117734.82 0.00 0.48 0.07 0.18 0.01 0.00 0.00 99.08 7913500 7829620 83880 0.25 0.09 0.06 2137356 6985896 5712 46858268 106163240 127462060 9545 9 145 5 0 1 1 1 1 1 00000087 00000000 00000002 0000002d 00000000 00000000 00000098 00000000
1346055702 29609.26 117814.99 0.00 0.48 0.07 0.18 0.01 0.00 0.00 99.08 7913500 7829124 84376 0.50 0.16 0.09 2137376 6985876 5712 46858268 106163240 127462060 9545 9 145 5 0 1 1 1 1 1 00000087 00000000 00000002 0000002d 00000000 00000000 00000098 00000000
1346055723 29629.42 117896.56 0.00 0.48 0.07 0.18 0.01 0.00 0.00 99.08 7913500 7829340 84160 0.36 0.15 0.08 2137388 6985864 5712 46858268 106163240 127462060 9545 9 145 5 0 1 1 1 1 1 00000087 00000000 00000002 0000002d 00000000 00000000 00000098 00000000
1346055743 29649.59 117976.66 0.00 0.48 0.07 0.18 0.01 0.00 0.00 99.08 7913500 7829472 84028 0.26 0.14 0.08 2137404 6985848 5712 46858268 106163240 127462060 9545 9 145 5 0 1 1 1 1 1 00000087 00000000 00000002 0000002d 00000000 00000000 00000098 00000000
1346055763 29669.76 118056.71 0.00 0.48 0.07 0.18 0.01 0.00 0.00 99.08 7913500 7829240 84260 0.18 0.13 0.08 2137424 6985828 5716 46858264 106163240 127462060 9545 9 145 5 0 1 1 1 1 1 00000087 00000000 00000002 0000002d 00000000 00000000 00000098 00000000
1346055783 29689.92 118136.81 0.00 0.48 0.07 0.18 0.01 0.00 0.00 99.08 7913500 7829464 84036 0.13 0.12 0.08 2137436 6985816 5716 46858264 106163240 127462060 9545 9 145 5 0 1 1 1 1 1 00000087 00000000 00000002 0000002d 00000000 00000000 00000098 00000000
1346055803 29710.09 118217.36 0.00 0.48 0.07 0.18 0.01 0.00 0.00 99.08 7913500 7829496 84004 0.09 0.11 0.08 2137456 6985796 5740 46858240 106163240 127462060 9545 9 145 5 0 1 1 1 1 1 00000087 00000000 00000002 0000002d 00000000 00000000 00000098 00000000
1346055823 29730.26 118297.72 0.00 0.48 0.07 0.18 0.01 0.00 0.00 99.08 7913500 7828976 84524 0.07 0.10 0.07 2137464 6985788 5740 46858240 106163240 127462060 9545 9 145 5 0 1 1 1 1 1 00000087 00000000 00000002 0000002d 00000000 00000000 00000098 00000000
1346055844 29750.42 118377.56 0.00 0.48 0.07 0.18 0.01 0.00 0.00 99.08 7913500 7829116 84384 0.05 0.10 0.07 2137484 6985768 5740 46858240 106163240 127462060 9545 9 145 5 0 1 1 1 1 1 00000087 00000000 00000002 0000002d 00000000 00000000 00000098 00000000
1346055864 29770.59 118457.97 0.00 0.48 0.07 0.18 0.01 0.00 0.00 99.08 7913500 7829108 84392 0.03 0.09 0.07 2137500 6985752 5740 46858240 106163240 127462060 9545 9 145 5 0 1 1 1 1 1 00000087 00000000 00000002 0000002d 00000000 00000000 00000098 00000000
1346055884 29790.76 118538.72 0.00 0.48 0.07 0.18 0.01 0.00 0.00 99.08 7913500 7828976 84524 0.02 0.08 0.07 2137512 6985740 5756 46858224 106163240 127462060 9545 9 145 5 0 1 1 1 1 1 00000087 00000000 00000002 0000002d 00000000 00000000 00000098 00000000
1346055904 29810.92 118618.60 0.00 0.48 0.07 0.18 0.01 0.00 0.00 99.08 7913500 7829192 84308 0.02 0.08 0.07 2137532 6985720 5756 46858224 106163240 127462060 9545 9 145 5 0 1 1 1 1 1 00000087 00000000 00000002 0000002d 00000000 00000000 00000098 00000000
1346055924 29831.09 118699.21 0.00 0.48 0.07 0.18 0.01 0.00 0.00 99.08 7913500 7829000 84500 0.01 0.07 0.06 2137544 6985708 5756 46858224 106163240 127462060 9545 9 145 5 0 1 1 1 1 1 00000087 00000000 00000002 0000002d 00000000 00000000 00000099 00000000
1346055944 29851.26 118774.49 0.00 0.48 0.07 0.18 0.01 0.00 0.00 99.08 7913500 7719704 193796 0.28 0.13 0.08 2137576 6985676 5756 46858224 108231336 125393964 9732 9 145 5 0 1 1 1 1 1 00000089 00000001 00000000 0000002d 000000bc 00000000 0000009b 00000000
1346055965 29871.45 118850.09 0.00 0.48 0.07 0.18 0.01 0.00 0.00 99.07 7913500 7832892 80608 0.35 0.15 0.09 2137612 6985640 5756 46858224 110253944 123371356 9914 9 145 5 0 1 1 1 1 1 0000008c 00000001 00000001 0000002e 000000aa 00000000 0000009e 00000000
1346055985 29891.64 118925.78 0.00 0.48 0.07 0.18 0.01 0.00 0.00 99.07 7913500 7842532 70968 0.39 0.17 0.10 2137648 6985604 5756 46858224 112582324 121042976 10123 9 145 5 0 1 1 1 1 1 0000008f 00000001 00000002 0000002f 00000059 00000000 000000a1 00000000
1346056005 29911.84 119005.12 0.00 0.48 0.07 0.18 0.01 0.00 0.00 99.07 7913500 7821352 92148 0.34 0.18 0.10 2137668 6985584 5756 46858224 113255276 120370024 10183 9 145 5 0 1 1 1 1 1 00000090 00000000 00000002 00000030 00000000 00000000 000000a2 00000000
1346056025 29932.02 119085.68 0.00 0.48 0.07 0.18 0.01 0.00 0.00 99.07 7913500 7823008 90492 0.24 0.17 0.10 2137688 6985564 5772 46858208 113255276 120370024 10183 9 145 5 0 1 1 1 1 1 00000090 00000000 00000002 00000030 00000000 00000000 000000a2 00000000
1346056045 29952.18 119165.87 0.00 0.48 0.07 0.18 0.01 0.00 0.00 99.07 7913500 7823256 90244 0.17 0.15 0.09 2137700 6985552 5780 46858200 113255276 120370024 10183 9 145 5 0 1 1 1 1 1 00000090 00000000 00000002 00000030 00000000 00000000 000000a2 00000000
1346056066 29972.35 119246.03 0.00 0.48 0.07 0.18 0.01 0.00 0.00 99.07 7913500 7823272 90228 0.12 0.14 0.09 2137720 6985532 5780 46858200 113255276 120370024 10183 9 145 5 0 1 1 1 1 1 00000090 00000000 00000002 00000030 00000000 00000000 000000a2 00000000
1346056086 29992.52 119326.24 0.00 0.48 0.07 0.18 0.01 0.00 0.00 99.07 7913500 7822728 90772 0.09 0.13 0.09 2137732 6985520 5784 46858196 113255276 120370024 10183 9 145 5 0 1 1 1 1 1 00000090 00000000 00000002 00000030 00000000 00000000 000000a2 00000000
1346056106 30012.69 119406.97 0.00 0.48 0.07 0.18 0.01 0.00 0.00 99.07 7913500 7823108 90392 0.06 0.12 0.09 2137748 6985504 5792 46858188 113255276 120370024 10183 9 145 5 0 1 1 1 1 1 00000090 00000000 00000002 00000030 00000000 00000000 000000a2 00000000
1346056126 30032.85 119487.30 0.00 0.48 0.07 0.18 0.01 0.00 0.00 99.07 7913500 7822984 90516 0.04 0.11 0.08 2137764 6985488 5800 46858180 113255276 120370024 10183 9 145 5 0 1 1 1 1 1 00000090 00000000 00000002 00000030 00000000 00000000 000000a2 00000000
1346056146 30053.03 119567.59 0.00 0.48 0.07 0.18 0.01 0.00 0.00 99.07 7913500 7823140 90360 0.03 0.11 0.08 2137780 6985472 5800 46858180 113255276 120370024 10183 9 145 5 0 1 1 1 1 1 00000090 00000000 00000002 00000030 00000000 00000000 000000a2 00000000
1346056166 30073.20 119647.67 0.00 0.48 0.07 0.18 0.01 0.00 0.00 99.07 7913500 7822984 90516 0.02 0.10 0.08 2137796 6985456 5800 46858180 113255276 120370024 10183 9 145 5 0 1 1 1 1 1 00000090 00000000 00000002 00000030 00000000 00000000 000000a2 00000000
1346056187 30093.37 119728.10 0.00 0.48 0.07 0.18 0.01 0.00 0.00 99.07 7913500 7822892 90608 0.01 0.09 0.08 2137812 6985440 5800 46858180 113255276 120370024 10183 9 145 5 0 1 1 1 1 1 00000090 00000000 00000002 00000030 00000000 00000000 000000a2 00000000
1346056207 30113.54 119809.18 0.00 0.48 0.07 0.18 0.01 0.00 0.00 99.07 7913500 7823232 90268 0.01 0.08 0.08 2137824 6985428 5800 46858180 113255276 120370024 10183 9 145 5 0 1 1 1 1 1 00000090 00000000 00000002 00000030 00000000 00000000 000000a2 00000000
1346056227 30133.71 119889.44 0.00 0.48 0.07 0.18 0.01 0.00 0.00 99.07 7913500 7822960 90540 0.01 0.08 0.07 2137840 6985412 5800 46858180 113255276 120370024 10183 9 145 5 0 1 1 1 1 1 00000090 00000000 00000002 00000030 00000000 00000000 000000a2 00000000
1346056247 30153.88 119970.60 0.00 0.48 0.07 0.18 0.01 0.00 0.00 99.07 7913500 7823232 90268 0.00 0.07 0.07 2137860 6985392 5800 46858180 113255276 120370024 10183 9 145 5 0 1 1 1 1 1 00000090 00000000 00000002 00000030 00000000 00000000 000000a2 00000000
1346056267 30174.05 120050.75 0.00 0.48 0.07 0.18 0.01 0.00 0.00 99.07 7913500 7823628 89872 0.00 0.07 0.07 2137872 6985380 5824 46858156 113255276 120370024 10183 9 145 5 0 1 1 1 1 1 00000090 00000000 00000002 00000030 00000000 00000000 000000a2 00000000
1346056287 30194.22 120131.57 0.00 0.48 0.07 0.18 0.01 0.00 0.00 99.07 7913500 7823132 90368 0.00 0.06 0.07 2137892 6985360 5824 46858156 113255276 120370024 10183 9 145 5 0 1 1 1 1 1 00000090 00000000 00000002 00000030 00000000 00000000 000000a2 00000000
1346056308 30214.39 120212.42 0.00 0.48 0.07 0.18 0.01 0.00 0.00 99.07 7913500 7822984 90516 0.22 0.10 0.08 2137900 6985352 5824 46858156 113255276 120370024 10183 9 145 5 0 1 1 1 1 1 00000090 00000000 00000002 00000030 00000000 00000000 000000a2 00000000
1346056328 30234.57 120292.87 0.00 0.48 0.07 0.18 0.01 0.00 0.00 99.07 7913500 7823388 90112 0.29 0.13 0.09 2137920 6985332 5824 46858156 113255276 120370024 10183 9 145 5 0 1 1 1 1 1 00000090 00000000 00000002 00000030 00000000 00000000 000000a2 00000000
1346056348 30254.74 120373.11 0.00 0.48 0.07 0.18 0.01 0.00 0.00 99.07 7913500 7823224 90276 0.20 0.12 0.09 2137936 6985316 5848 46858132 113255276 120370024 10183 9 147 5 0 1 1 1 1 1 00000090 00000000 00000002 00000030 00000000 00000000 000000a2 00000000
1346056368 30274.91 120453.20 0.00 0.48 0.07 0.18 0.01 0.00 0.00 99.07 7913500 7823372 90128 0.15 0.11 0.09 2137952 6985300 5852 46858128 113255276 120370024 10183 9 148 5 0 1 1 1 1 1 00000090 00000000 00000002 00000030 00000000 00000000 000000a2 00000000
1346056388 30295.08 120533.90 0.00 0.48 0.07 0.18 0.01 0.00 0.00 99.07 7913500 7822976 90524 0.10 0.10 0.08 2137968 6985284 5852 46858128 113255276 120370024 10183 9 148 5 0 1 1 1 1 1 00000090 00000000 00000002 00000030 00000000 00000000 000000a2 00000000
1346056408 30315.25 120614.23 0.00 0.48 0.07 0.18 0.01 0.00 0.00 99.07 7913500 7823232 90268 0.07 0.09 0.08 2137980 6985272 5856 46858124 113255276 120370024 10183 9 148 5 0 1 1 1 1 1 00000090 00000000 00000002 00000030 00000000 00000000 000000a2 00000000
1346056429 30335.42 120694.26 0.00 0.48 0.07 0.18 0.01 0.00 0.00 99.07 7913500 7822736 90764 0.05 0.09 0.08 2138000 6985252 5860 46858120 113255276 120370024 10183 9 149 5 0 1 1 1 1 1 00000090 00000000 00000002 00000030 00000000 00000000 000000a2 00000000
1346056449 30355.58 120775.13 0.00 0.48 0.07 0.18 0.01 0.00 0.00 99.07 7913500 7822852 90648 0.04 0.08 0.08 2138008 6985244 5864 46858116 113255276 120370024 10183 9 150 5 0 1 1 1 1 1 00000090 00000000 00000002 00000030 00000000 00000000 000000a2 00000000
1346056469 30375.75 120855.44 0.00 0.48 0.07 0.18 0.01 0.00 0.00 99.07 7913500 7822744 90756 0.14 0.10 0.09 2138032 6985220 5864 46858116 113255276 120370024 10183 9 150 5 0 1 1 1 1 1 00000090 00000000 00000002 00000030 00000000 00000000 000000a2 00000000
1346056489 30395.93 120936.38 0.00 0.48 0.07 0.18 0.01 0.00 0.00 99.07 7913500 7823224 90276 0.10 0.10 0.09 2138040 6985212 5864 46858116 113255276 120370024 10183 9 150 5 0 1 1 1 1 1 00000090 00000000 00000002 00000030 00000000 00000000 000000a2 00000000
1346056509 30416.10 121017.01 0.00 0.48 0.07 0.18 0.01 0.00 0.00 99.07 7913500 7823100 90400 0.07 0.09 0.08 2138056 6985196 5864 46858116 113255276 120370024 10183 9 150 5 0 1 1 1 1 1 00000090 00000000 00000002 00000030 00000000 00000000 000000a2 00000000
1346056530 30436.26 121097.22 0.00 0.48 0.07 0.18 0.01 0.00 0.00 99.07 7913500 7823644 89856 0.05 0.08 0.08 2138076 6985176 5864 46858116 113255276 120370024 10183 9 150 5 0 1 1 1 1 1 00000090 00000000 00000002 00000030 00000000 00000000 000000a2 00000000
1346056550 30456.43 121177.55 0.00 0.48 0.07 0.18 0.01 0.00 0.00 99.07 7913500 7823892 89608 0.04 0.08 0.08 2138088 6985164 5864 46858116 113255276 120370024 10183 9 150 5 0 1 1 1 1 1 00000090 00000000 00000002 00000030 00000000 00000000 000000a2 00000000
1346056570 30476.60 121258.11 0.00 0.48 0.07 0.18 0.01 0.00 0.00 99.07 7913500 7823884 89616 0.02 0.07 0.08 2138112 6985140 5880 46858100 113255276 120370024 10183 9 150 5 0 1 1 1 1 1 00000090 00000000 00000002 00000030 00000000 00000000 000000a2 00000000
1346056590 30496.76 121338.37 0.00 0.48 0.07 0.18 0.01 0.00 0.00 99.07 7913500 7823760 89740 0.02 0.06 0.08 2138120 6985132 5888 46858092 113255276 120370024 10183 9 150 5 0 1 1 1 1 1 00000090 00000000 00000002 00000030 00000000 00000000 000000a2 00000000
1346056610 30516.93 121419.00 0.00 0.48 0.07 0.18 0.01 0.00 0.00 99.07 7913500 7823396 90104 0.01 0.06 0.07 2138136 6985116 5888 46858092 113255276 120370024 10183 9 150 5 0 1 1 1 1 1 00000090 00000000 00000002 00000030 00000000 00000000 000000a2 00000000
1346056630 30537.10 121500.03 0.00 0.48 0.07 0.18 0.01 0.00 0.00 99.07 7913500 7824280 89220 0.01 0.05 0.07 2138152 6985100 5888 46858092 113255276 120370024 10183 9 150 5 0 1 1 1 1 1 00000090 00000000 00000002 00000030 00000000 00000000 000000a2 00000000
1346056651 30557.27 121580.52 0.00 0.48 0.07 0.18 0.01 0.00 0.00 99.07 7913500 7824008 89492 0.00 0.05 0.07 2138168 6985084 5888 46858092 113255276 120370024 10183 9 150 5 0 1 1 1 1 1 00000090 00000000 00000002 00000030 00000000 00000000 000000a2 00000000
1346056671 30577.43 121660.85 0.00 0.48 0.07 0.18 0.01 0.00 0.00 99.07 7913500 7823992 89508 0.00 0.05 0.07 2138184 6985068 5904 46858076 113255276 120370024 10183 9 150 5 0 1 1 1 1 1 00000090 00000000 00000002 00000030 00000000 00000000 000000a2 00000000
1346056691 30597.60 121741.76 0.00 0.48 0.07 0.18 0.01 0.00 0.00 99.07 7913500 7824256 89244 0.00 0.04 0.07 2138200 6985052 5904 46858076 113255276 120370024 10183 9 150 5 0 1 1 1 1 1 00000090 00000000 00000002 00000030 00000000 00000000 000000a2 00000000
1346056711 30617.76 121821.98 0.00 0.48 0.07 0.18 0.01 0.00 0.00 99.07 7913500 7824116 89384 0.00 0.04 0.06 2138212 6985040 5904 46858076 113255276 120370024 10183 9 150 5 0 1 1 1 1 1 00000090 00000000 00000002 00000030 00000000 00000000 000000a2 00000000
1346056731 30637.94 121902.98 0.00 0.48 0.07 0.18 0.01 0.00 0.00 99.07 7913500 7823512 89988 0.00 0.04 0.06 2138228 6985024 5908 46858072 113255276 120370024 10183 9 150 5 0 1 1 1 1 1 00000090 00000000 00000002 00000030 00000000 00000000 000000a2 00000000
1346056751 30658.11 121983.25 0.00 0.48 0.07 0.18 0.01 0.00 0.00 99.07 7913500 7824016 89484 0.00 0.03 0.06 2138248 6985004 5908 46858072 113255276 120370024 10183 9 150 5 0 1 1 1 1 1 00000090 00000000 00000002 00000030 00000000 00000000 000000a2 00000000
1346056772 30678.27 122063.76 0.00 0.48 0.07 0.18 0.01 0.00 0.00 99.07 7913500 7824256 89244 0.00 0.03 0.06 2138260 6984992 5908 46858072 113255276 120370024 10183 9 150 5 0 1 1 1 1 1 00000090 00000000 00000002 00000030 00000000 00000000 000000a2 00000000
1346056792 30698.45 122143.50 0.00 0.48 0.07 0.18 0.01 0.00 0.00 99.07 7913500 7824248 89252 0.00 0.03 0.06 2138280 6984972 5908 46858072 113255276 120370024 10183 9 150 5 0 1 1 1 1 1 00000090 00000000 00000002 00000030 00000000 00000000 000000a2 00000000
1346056812 30718.61 122224.45 0.00 0.48 0.07 0.18 0.01 0.00 0.00 99.07 7913500 7824660 88840 0.00 0.02 0.05 2138296 6984956 5932 46858048 113255276 120370024 10183 9 150 5 0 1 1 1 1 1 00000090 00000000 00000002 00000030 00000000 00000000 000000a2 00000000
1346056832 30738.78 122305.66 0.00 0.48 0.07 0.18 0.01 0.00 0.00 99.07 7913500 7824496 89004 0.00 0.02 0.05 2138308 6984944 5932 46858048 113255276 120370024 10183 9 150 5 0 1 1 1 1 1 00000090 00000000 00000002 00000030 00000000 00000000 000000a2 00000000
1346056852 30758.95 122386.09 0.00 0.48 0.07 0.18 0.01 0.00 0.00 99.07 7913500 7823884 89616 0.00 0.02 0.05 2138324 6984928 5932 46858048 113255276 120370024 10183 9 150 5 0 1 1 1 1 1 00000090 00000000 00000002 00000030 00000000 00000000 000000a2 00000000
1346056872 30779.11 122466.18 0.00 0.48 0.07 0.18 0.01 0.00 0.00 99.07 7913500 7824528 88972 0.00 0.02 0.05 2138340 6984912 5932 46858048 113255276 120370024 10183 9 150 5 0 1 1 1 1 1 00000090 00000000 00000002 00000030 00000000 00000000 000000a2 00000000
1346056893 30799.29 122546.64 0.00 0.48 0.07 0.18 0.01 0.00 0.00 99.07 7913500 7824008 89492 0.00 0.02 0.05 2138352 6984900 5948 46858032 113255276 120370024 10183 9 150 5 0 1 1 1 1 1 00000090 00000000 00000002 00000030 00000000 00000000 000000a2 00000000
1346056913 30819.46 122626.93 0.00 0.48 0.07 0.18 0.01 0.00 0.00 99.07 7913500 7824000 89500 0.00 0.01 0.04 2138372 6984880 5948 46858032 113255276 120370024 10183 9 150 5 0 1 1 1 1 1 00000090 00000000 00000002 00000030 00000000 00000000 000000a2 00000000
1346056933 30839.63 122707.41 0.00 0.48 0.07 0.18 0.01 0.00 0.00 99.07 7913500 7823884 89616 0.06 0.03 0.05 2138388 6984864 5948 46858032 113255276 120370024 10183 9 150 5 0 1 1 1 1 1 00000090 00000000 00000002 00000030 00000000 00000000 000000a2 00000000
1346056953 30859.81 122787.59 0.00 0.48 0.07 0.18 0.01 0.00 0.00 99.07 7913500 7824232 89268 0.04 0.03 0.05 2138400 6984852 5948 46858032 113255276 120370024 10183 9 150 5 0 1 1 1 1 1 00000090 00000000 00000002 00000030 00000000 00000000 000000a2 00000000
1346056973 30879.98 122868.69 0.00 0.48 0.07 0.18 0.01 0.00 0.00 99.07 7913500 7824156 89344 0.03 0.02 0.04 2138420 6984832 5948 46858032 113255276 120370024 10183 9 150 5 0 1 1 1 1 1 00000090 00000000 00000002 00000030 00000000 00000000 000000a2 00000000
1346056993 30900.15 122949.26 0.00 0.48 0.07 0.18 0.01 0.00 0.00 99.07 7913500 7824520 88980 0.02 0.02 0.04 2138432 6984820 5948 46858032 113255276 120370024 10183 9 150 5 0 1 1 1 1 1 00000090 00000000 00000002 00000030 00000000 00000000 000000a2 00000000
1346057014 30920.32 123029.12 0.00 0.48 0.07 0.18 0.01 0.00 0.00 99.07 7913500 7824380 89120 0.30 0.08 0.06 2138448 6984804 5948 46858032 113255276 120370024 10183 9 150 5 0 1 1 1 1 1 00000090 00000000 00000002 00000030 00000000 00000000 000000a2 00000000
1346057034 30940.48 123110.13 0.00 0.48 0.07 0.18 0.01 0.00 0.00 99.08 7913500 7824256 89244 0.27 0.09 0.06 2138464 6984788 5964 46858016 113255276 120370024 10183 9 150 5 0 1 1 1 1 1 00000090 00000000 00000002 00000030 00000000 00000000 000000a2 00000000
1346057054 30960.65 123190.39 0.00 0.48 0.07 0.18 0.01 0.00 0.00 99.08 7913500 7824008 89492 0.20 0.09 0.06 2138476 6984776 5976 46858004 113255276 120370024 10183 9 150 5 0 1 1 1 1 1 00000090 00000000 00000002 00000030 00000000 00000000 000000a2 00000000
1346057074 30980.83 123271.26 0.00 0.48 0.07 0.18 0.01 0.00 0.00 99.08 7913500 7824280 89220 0.14 0.08 0.06 2138496 6984756 5976 46858004 113255276 120370024 10183 9 150 5 0 1 1 1 1 1 00000090 00000000 00000002 00000030 00000000 00000000 000000a2 00000000
1346057094 31001.00 123351.50 0.00 0.48 0.07 0.18 0.01 0.00 0.00 99.08 7913500 7824636 88864 0.10 0.07 0.06 2138512 6984740 5976 46858004 113255276 120370024 10183 9 150 5 0 1 1 1 1 1 00000090 00000000 00000002 00000030 00000000 00000000 000000a2 00000000
1346057114 31021.16 123432.29 0.00 0.48 0.07 0.18 0.01 0.00 0.00 99.08 7913500 7824900 88600 0.07 0.07 0.06 2138524 6984728 5976 46858004 113255276 120370024 10183 9 150 5 0 1 1 1 1 1 00000090 00000000 00000002 00000030 00000000 00000000 000000a2 00000000
1346057135 31041.34 123512.44 0.00 0.48 0.07 0.18 0.01 0.00 0.00 99.08 7913500 7825032 88468 0.05 0.06 0.06 2138544 6984708 5992 46857988 113255276 120370024 10183 9 150 5 0 1 1 1 1 1 00000090 00000000 00000002 00000030 00000000 00000000 000000a2 00000000
1346057155 31061.51 123592.99 0.00 0.48 0.07 0.18 0.01 0.00 0.00 99.08 7913500 7824660 88840 0.03 0.06 0.05 2138556 6984696 5992 46857988 113255276 120370024 10183 9 150 5 0 1 1 1 1 1 00000090 00000000 00000002 00000030 00000000 00000000 000000a2 00000000
1346057175 31081.68 123673.66 0.00 0.48 0.07 0.18 0.01 0.00 0.00 99.08 7913500 7825032 88468 0.02 0.05 0.05 2138572 6984680 5992 46857988 113255276 120370024 10183 9 150 5 0 1 1 1 1 1 00000090 00000000 00000002 00000030 00000000 00000000 000000a2 00000000
1346057195 31101.85 123753.97 0.00 0.48 0.07 0.18 0.01 0.00 0.00 99.08 7913500 7825032 88468 0.02 0.05 0.05 2138588 6984664 5992 46857988 113255276 120370024 10183 9 150 5 0 1 1 1 1 1 00000090 00000000 00000002 00000030 00000000 00000000 000000a2 00000000
1346057215 31122.01 123833.99 0.00 0.48 0.07 0.18 0.01 0.00 0.00 99.08 7913500 7824900 88600 0.01 0.05 0.05 2138604 6984648 5992 46857988 113255276 120370024 10183 9 150 5 0 1 1 1 1 1 00000090 00000000 00000002 00000030 00000000 00000000 000000a2 00000000
1346057235 31142.19 123914.01 0.00 0.48 0.07 0.18 0.01 0.00 0.00 99.08 7913500 7825008 88492 0.07 0.06 0.05 2138620 6984632 5992 46857988 113255276 120370024 10183 9 150 5 0 1 1 1 1 1 00000090 00000000 00000002 00000030 00000000 00000000 000000a2 00000000
1346057256 31162.35 123995.33 0.00 0.48 0.07 0.18 0.01 0.00 0.00 99.08 7913500 7825016 88484 0.16 0.08 0.06 2138632 6984620 5992 46857988 113255276 120370024 10183 9 150 5 0 1 1 1 1 1 00000090 00000000 00000002 00000030 00000000 00000000 000000a2 00000000
1346057276 31182.52 124075.52 0.00 0.48 0.07 0.18 0.01 0.00 0.00 99.08 7913500 7824900 88600 0.12 0.08 0.06 2138652 6984600 6016 46857964 113255276 120370024 10183 9 150 5 0 1 1 1 1 1 00000090 00000000 00000002 00000030 00000000 00000000 000000a2 00000000
1346057296 31202.68 124155.56 0.00 0.48 0.07 0.18 0.01 0.00 0.00 99.08 7913500 7824652 88848 0.08 0.07 0.06 2138660 6984592 6016 46857964 113255276 120370024 10183 9 150 5 0 1 1 1 1 1 00000090 00000000 00000002 00000030 00000000 00000000 000000a2 00000000
1346057316 31222.85 124236.55 0.00 0.48 0.07 0.18 0.01 0.00 0.00 99.08 7913500 7824900 88600 0.06 0.07 0.05 2138684 6984568 6016 46857964 113255276 120370024 10183 9 150 5 0 1 1 1 1 1 00000090 00000000 00000002 00000030 00000000 00000000 000000a2 00000000
1346057336 31243.02 124316.88 0.00 0.48 0.07 0.18 0.01 0.00 0.00 99.08 7913500 7825024 88476 0.25 0.11 0.07 2138696 6984556 6016 46857964 113255276 120370024 10183 9 150 5 0 1 1 1 1 1 00000090 00000000 00000002 00000030 00000000 00000000 000000a2 00000000
1346057356 31263.19 124397.17 0.00 0.48 0.07 0.18 0.01 0.00 0.00 99.08 7913500 7824628 88872 0.17 0.10 0.07 2138712 6984540 6040 46857940 113255276 120370024 10183 9 152 5 0 1 1 1 1 1 00000090 00000000 00000002 00000030 00000000 00000000 000000a2 00000000
1346057377 31283.36 124477.15 0.00 0.48 0.07 0.18 0.01 0.00 0.00 99.08 7913500 7824736 88764 0.12 0.09 0.06 2138728 6984524 6048 46857932 113255276 120370024 10183 9 153 5 0 1 1 1 1 1 00000090 00000000 00000002 00000030 00000000 00000000 000000a2 00000000
1346057397 31303.53 124557.90 0.00 0.48 0.07 0.18 0.01 0.00 0.00 99.08 7913500 7825024 88476 0.09 0.09 0.06 2138736 6984516 6048 46857932 113255276 120370024 10183 9 153 5 0 1 1 1 1 1 00000090 00000000 00000002 00000030 00000000 00000000 000000a2 00000000
1346057417 31323.70 124638.37 0.00 0.48 0.07 0.18 0.01 0.00 0.00 99.08 7913500 7825388 88112 0.06 0.08 0.06 2138752 6984500 6048 46857932 113255276 120370024 10183 9 153 5 0 1 1 1 1 1 00000090 00000000 00000002 00000030 00000000 00000000 000000a2 00000000
1346057437 31343.87 124718.67 0.00 0.48 0.07 0.18 0.01 0.00 0.00 99.08 7913500 7825496 88004 0.04 0.07 0.06 2138760 6984492 6048 46857932 113255276 120370024 10183 9 153 5 0 1 1 1 1 1 00000090 00000000 00000002 00000030 00000000 00000000 000000a2 00000000
1346057457 31364.03 124798.85 0.00 0.48 0.07 0.18 0.01 0.00 0.00 99.08 7913500 7824908 88592 0.03 0.07 0.06 2138772 6984480 6056 46857924 113255276 120370024 10183 9 155 5 0 1 1 1 1 1 00000090 00000000 00000002 00000030 00000000 00000000 000000a2 00000000
1346057477 31384.20 124878.36 0.00 0.48 0.07 0.18 0.01 0.00 0.00 99.08 7913500 7824776 88724 0.02 0.06 0.05 2138788 6984464 6056 46857924 113255276 120370024 10183 9 155 5 0 1 1 1 1 1 00000090 00000000 00000002 00000030 00000000 00000000 000000a2 00000000
1346057498 31404.38 124959.20 0.00 0.48 0.07 0.18 0.01 0.00 0.00 99.08 7913500 7825396 88104 0.01 0.06 0.05 2138800 6984452 6056 46857924 113255276 120370024 10183 9 155 5 0 1 1 1 1 1 00000090 00000000 00000002 00000030 00000000 00000000 000000a2 00000000
1346057518 31424.54 125040.16 0.00 0.48 0.07 0.18 0.01 0.00 0.00 99.08 7913500 7825272 88228 0.01 0.05 0.05 2138812 6984440 6056 46857924 113255276 120370024 10183 9 155 5 0 1 1 1 1 1 00000090 00000000 00000002 00000030 00000000 00000000 000000a2 00000000
1346057538 31444.70 125120.90 0.00 0.48 0.07 0.18 0.01 0.00 0.00 99.08 7913500 7825024 88476 0.01 0.05 0.05 2138828 6984424 6056 46857924 113255276 120370024 10183 9 155 5 0 1 1 1 1 1 00000090 00000000 00000002 00000030 00000000 00000000 000000a2 00000000
1346057558 31464.87 125201.36 0.00 0.48 0.07 0.18 0.01 0.00 0.00 99.08 7913500 7825156 88344 0.00 0.05 0.05 2138836 6984416 6056 46857924 113255276 120370024 10183 9 155 5 0 1 1 1 1 1 00000090 00000000 00000002 00000030 00000000 00000000 000000a2 00000000
1346057578 31485.05 125281.40 0.00 0.48 0.07 0.18 0.01 0.00 0.00 99.08 7913500 7825512 87988 0.00 0.04 0.04 2138852 6984400 6072 46857908 113255276 120370024 10183 9 155 5 0 1 1 1 1 1 00000090 00000000 00000002 00000030 00000000 00000000 000000a2 00000000
1346057598 31505.22 125361.96 0.00 0.48 0.07 0.18 0.01 0.00 0.00 99.08 7913500 7825248 88252 0.06 0.05 0.05 2138864 6984388 6080 46857900 113255276 120370024 10183 9 155 5 0 1 1 1 1 1 00000090 00000000 00000002 00000030 00000000 00000000 000000a2 00000000
1346057619 31525.39 125441.96 0.00 0.48 0.07 0.18 0.01 0.00 0.00 99.08 7913500 7825396 88104 0.04 0.05 0.05 2138876 6984376 6080 46857900 113255276 120370024 10183 9 155 5 0 1 1 1 1 1 00000090 00000000 00000002 00000030 00000000 00000000 000000a2 00000000
1346057639 31545.56 125523.08 0.00 0.48 0.07 0.18 0.01 0.00 0.00 99.08 7913500 7825512 87988 0.03 0.05 0.04 2138892 6984360 6080 46857900 113255276 120370024 10183 9 155 5 0 1 1 1 1 1 00000090 00000000 00000002 00000030 00000000 00000000 000000a2 00000000
1346057659 31565.73 125603.51 0.00 0.48 0.07 0.18 0.01 0.00 0.00 99.08 7913500 7825768 87732 0.02 0.04 0.04 2138900 6984352 6080 46857900 113255276 120370024 10183 9 155 5 0 1 1 1 1 1 00000090 00000000 00000002 00000030 00000000 00000000 000000a2 00000000
1346057679 31585.90 125683.89 0.00 0.48 0.07 0.18 0.01 0.00 0.00 99.08 7913500 7825396 88104 0.01 0.04 0.04 2138916 6984336 6096 46857884 113255276 120370024 10183 9 155 5 0 1 1 1 1 1 00000090 00000000 00000002 00000030 00000000 00000000 000000a2 00000000
1346057699 31606.07 125764.33 0.00 0.48 0.07 0.18 0.01 0.00 0.00 99.08 7913500 7825388 88112 0.29 0.10 0.06 2138924 6984328 6100 46857880 113255276 120370024 10183 9 155 5 0 1 1 1 1 1 00000090 00000000 00000002 00000030 00000000 00000000 000000a2 00000000
1346057719 31626.24 125844.67 0.00 0.48 0.07 0.18 0.01 0.00 0.00 99.08 7913500 7825380 88120 0.21 0.09 0.06 2138940 6984312 6100 46857880 113255276 120370024 10183 9 155 5 0 1 1 1 1 1 00000090 00000000 00000002 00000030 00000000 00000000 000000a2 00000000
1346057740 31646.41 125924.92 0.00 0.48 0.07 0.18 0.01 0.00 0.00 99.08 7913500 7825652 87848 0.15 0.08 0.06 2138952 6984300 6100 46857880 113255276 120370024 10183 9 155 5 0 1 1 1 1 1 00000090 00000000 00000002 00000030 00000000 00000000 000000a2 00000000
1346057760 31666.57 126005.11 0.00 0.48 0.07 0.18 0.01 0.00 0.00 99.08 7913500 7825628 87872 0.11 0.08 0.05 2138964 6984288 6100 46857880 113255276 120370024 10183 9 155 5 0 1 1 1 1 1 00000090 00000000 00000002 00000030 00000000 00000000 000000a2 00000000
1346057780 31686.74 126085.75 0.00 0.48 0.07 0.18 0.01 0.00 0.00 99.08 7913500 7825512 87988 0.07 0.07 0.05 2138980 6984272 6100 46857880 113255276 120370024 10183 9 155 5 0 1 1 1 1 1 00000090 00000000 00000002 00000030 00000000 00000000 000000a2 00000000
1346057800 31706.90 126166.57 0.00 0.48 0.07 0.18 0.01 0.00 0.00 99.08 7913500 7825520 87980 0.05 0.07 0.05 2138992 6984260 6100 46857880 113255276 120370024 10183 9 155 5 0 1 1 1 1 1 00000090 00000000 00000002 00000030 00000000 00000000 000000a2 00000000
1346057820 31727.07 126246.97 0.00 0.48 0.07 0.18 0.01 0.00 0.00 99.08 7913500 7825388 88112 0.04 0.06 0.05 2139008 6984244 6124 46857856 113255276 120370024 10183 9 155 5 0 1 1 1 1 1 00000090 00000000 00000002 00000030 00000000 00000000 000000a2 00000000
1346057840 31747.24 126328.28 0.00 0.48 0.07 0.18 0.01 0.00 0.00 99.08 7913500 7825396 88104 0.03 0.06 0.05 2139012 6984240 6124 46857856 113255276 120370024 10183 9 155 5 0 1 1 1 1 1 00000090 00000000 00000002 00000030 00000000 00000000 000000a2 00000000
1346057861 31767.41 126408.64 0.00 0.48 0.07 0.18 0.01 0.00 0.00 99.08 7913500 7825760 87740 0.02 0.05 0.04 2139032 6984220 6124 46857856 113255276 120370024 10183 9 155 5 0 1 1 1 1 1 00000090 00000000 00000002 00000030 00000000 00000000 000000a2 00000000
1346057881 31787.58 126489.05 0.00 0.48 0.07 0.18 0.01 0.00 0.00 99.08 7913500 7825644 87856 0.01 0.05 0.04 2139040 6984212 6124 46857856 113255276 120370024 10183 9 155 5 0 1 1 1 1 1 00000090 00000000 00000002 00000030 00000000 00000000 000000a2 00000000
1346057901 31807.75 126569.41 0.00 0.48 0.07 0.18 0.01 0.00 0.00 99.08 7913500 7825620 87880 0.01 0.04 0.04 2139052 6984200 6140 46857840 113255276 120370024 10183 9 155 5 0 1 1 1 1 1 00000090 00000000 00000002 00000030 00000000 00000000 000000a2 00000000
1346057921 31827.92 126647.77 0.00 0.48 0.07 0.18 0.01 0.00 0.00 99.08 7913500 7822308 91192 0.16 0.07 0.05 2139080 6984172 6140 46857840 114266836 119358464 10275 9 155 5 0 1 1 1 1 1 00000092 00000001 00000000 00000030 0000005c 00000000 000000a5 00000000
1346057941 31848.11 126723.14 0.00 0.48 0.07 0.18 0.01 0.00 0.00 99.08 7913500 7833396 80104 0.20 0.08 0.05 2139108 6984144 6140 46857840 116289960 117335340 10457 9 155 5 0 1 1 1 1 1 00000095 00000001 00000001 00000031 0000004b 00000000 000000a8 00000000
1346057962 31868.31 126798.80 0.00 0.48 0.07 0.18 0.01 0.00 0.00 99.07 7913500 7827676 85824 0.28 0.11 0.06 2139144 6984108 6140 46857840 118424240 115201060 10648 9 155 5 0 1 1 1 1 1 00000098 00000001 00000002 00000032 00000021 00000000 000000ab 00000000
1346057982 31888.52 126875.27 0.00 0.48 0.07 0.18 0.01 0.00 0.00 99.07 7913500 7792544 120956 0.27 0.12 0.06 2139176 6984076 6140 46857840 120336200 113289100 10820 9 155 5 0 1 1 1 1 1 00000099 00000000 00000002 00000033 00000000 00000000 000000ac 00000000
1346058002 31908.72 126955.39 0.00 0.48 0.07 0.18 0.01 0.00 0.00 99.07 7913500 7796736 116764 0.60 0.21 0.09 2139184 6984068 6140 46857840 120336200 113289100 10820 9 155 5 0 1 1 1 1 1 00000099 00000000 00000002 00000033 00000000 00000000 000000ac 00000000
1346058022 31928.89 127035.89 0.00 0.48 0.07 0.18 0.01 0.00 0.00 99.07 7913500 7796728 116772 0.45 0.20 0.09 2139192 6984060 6144 46857836 120336200 113289100 10820 9 155 5 0 1 1 1 1 1 00000099 00000000 00000002 00000033 00000000 00000000 000000ac 00000000
1346058042 31949.07 127116.15 0.00 0.48 0.07 0.18 0.01 0.00 0.00 99.07 7913500 7796604 116896 0.32 0.19 0.09 2139212 6984040 6168 46857812 120336200 113289100 10820 9 155 5 0 1 1 1 1 1 00000099 00000000 00000002 00000033 00000000 00000000 000000ac 00000000
1346058062 31969.24 127196.58 0.00 0.48 0.07 0.18 0.01 0.00 0.00 99.07 7913500 7796860 116640 0.23 0.18 0.09 2139220 6984032 6168 46857812 120336200 113289100 10820 9 155 5 0 1 1 1 1 1 00000099 00000000 00000002 00000033 00000000 00000000 000000ac 00000000
1346058083 31989.42 127277.23 0.00 0.48 0.07 0.18 0.01 0.00 0.00 99.07 7913500 7796696 116804 0.16 0.16 0.09 2139240 6984012 6168 46857812 120336200 113289100 10820 9 155 5 0 1 1 1 1 1 00000099 00000000 00000002 00000033 00000000 00000000 000000ac 00000000
1346058103 32009.59 127357.28 0.00 0.48 0.07 0.18 0.01 0.00 0.00 99.07 7913500 7796804 116696 0.12 0.15 0.08 2139248 6984004 6168 46857812 120336200 113289100 10820 9 155 5 0 1 1 1 1 1 00000099 00000000 00000002 00000033 00000000 00000000 000000ac 00000000
1346058123 32029.76 127438.36 0.00 0.48 0.07 0.18 0.01 0.00 0.00 99.07 7913500 7796588 116912 0.08 0.14 0.08 2139256 6983996 6168 46857812 120336200 113289100 10820 9 155 5 0 1 1 1 1 1 00000099 00000000 00000002 00000033 00000000 00000000 000000ac 00000000
1346058143 32049.94 127518.88 0.00 0.48 0.07 0.18 0.01 0.00 0.00 99.07 7913500 7796952 116548 0.06 0.13 0.08 2139276 6983976 6184 46857796 120336200 113289100 10820 9 155 5 0 1 1 1 1 1 00000099 00000000 00000002 00000033 00000000 00000000 000000ac 00000000
1346058163 32070.12 127599.23 0.00 0.48 0.07 0.18 0.01 0.00 0.00 99.07 7913500 7796852 116648 0.04 0.12 0.08 2139284 6983968 6184 46857796 120336200 113289100 10820 9 155 5 0 1 1 1 1 1 00000099 00000000 00000002 00000033 00000000 00000000 000000ac 00000000
1346058184 32090.29 127679.72 0.00 0.48 0.07 0.18 0.01 0.00 0.00 99.07 7913500 7796952 116548 0.03 0.11 0.08 2139300 6983952 6184 46857796 120336200 113289100 10820 9 155 5 0 1 1 1 1 1 00000099 00000000 00000002 00000033 00000000 00000000 000000ac 00000000
1346058204 32110.46 127760.01 0.00 0.48 0.07 0.18 0.01 0.00 0.00 99.07 7913500 7797100 116400 0.02 0.11 0.07 2139312 6983940 6184 46857796 120336200 113289100 10820 9 155 5 0 1 1 1 1 1 00000099 00000000 00000002 00000033 00000000 00000000 000000ac 00000000
1346058224 32130.64 127840.81 0.00 0.48 0.07 0.18 0.01 0.00 0.00 99.07 7913500 7796984 116516 0.01 0.10 0.07 2139324 6983928 6184 46857796 120336200 113289100 10820 9 155 5 0 1 1 1 1 1 00000099 00000000 00000002 00000033 00000000 00000000 000000ac 00000000
1346058244 32150.81 127920.63 0.00 0.48 0.07 0.18 0.01 0.00 0.00 99.07 7913500 7796968 116532 0.08 0.11 0.08 2139336 6983916 6184 46857796 120336200 113289100 10820 9 155 5 0 1 1 1 1 1 00000099 00000000 00000002 00000033 00000000 00000000 000000ac 00000000
1346058264 32170.98 128001.36 0.00 0.48 0.07 0.18 0.01 0.00 0.00 99.07 7913500 7797076 116424 0.05 0.10 0.07 2139352 6983900 6192 46857788 120336200 113289100 10820 9 155 5 0 1 1 1 1 1 00000099 00000000 00000002 00000033 00000000 00000000 000000ac 00000000
1346058284 32191.16 128081.85 0.00 0.48 0.07 0.18 0.01 0.00 0.00 99.07 7913500 7796952 116548 0.04 0.09 0.07 2139360 6983892 6208 46857772 120336200 113289100 10820 9 155 5 0 1 1 1 1 1 00000099 00000000 00000002 00000033 00000000 00000000 000000ac 00000000
1346058305 32211.33 128162.04 0.00 0.48 0.07 0.18 0.01 0.00 0.00 99.07 7913500 7796968 116532 0.03 0.08 0.07 2139372 6983880 6208 46857772 120336200 113289100 10820 9 155 5 0 1 1 1 1 1 00000099 00000000 00000002 00000033 00000000 00000000 000000ac 00000000
1346058325 32231.51 128242.29 0.00 0.48 0.07 0.18 0.01 0.00 0.00 99.07 7913500 7797100 116400 0.02 0.08 0.07 2139392 6983860 6208 46857772 120336200 113289100 10820 9 155 5 0 1 1 1 1 1 00000099 00000000 00000002 00000033 00000000 00000000 000000ac 00000000
1346058345 32251.68 128322.72 0.00 0.48 0.07 0.18 0.01 0.00 0.00 99.07 7913500 7797340 116160 0.01 0.07 0.07 2139400 6983852 6212 46857768 120336200 113289100 10820 9 155 5 0 1 1 1 1 1 00000099 00000000 00000002 00000033 00000000 00000000 000000ac 00000000
1346058365 32271.86 128403.49 0.00 0.48 0.07 0.18 0.01 0.00 0.00 99.07 7913500 7797224 116276 0.09 0.08 0.07 2139416 6983836 6232 46857748 120336200 113289100 10820 9 158 5 0 1 1 1 1 1 00000099 00000000 00000002 00000033 00000000 00000000 000000ac 00000000
1346058385 32292.03 128484.01 0.00 0.48 0.07 0.18 0.01 0.00 0.00 99.07 7913500 7797240 116260 0.35 0.14 0.09 2139428 6983824 6240 46857740 120336200 113289100 10820 9 158 5 0 1 1 1 1 1 00000099 00000000 00000002 00000033 00000000 00000000 000000ac 00000000
1346058405 32312.21 128565.30 0.00 0.48 0.07 0.18 0.01 0.00 0.00 99.07 7913500 7797472 116028 0.25 0.13 0.09 2139440 6983812 6240 46857740 120336200 113289100 10820 9 158 5 0 1 1 1 1 1 00000099 00000000 00000002 00000033 00000000 00000000 000000ac 00000000
1346058426 32332.38 128645.79 0.00 0.48 0.07 0.18 0.01 0.00 0.00 99.07 7913500 7796992 116508 0.18 0.12 0.09 2139456 6983796 6240 46857740 120336200 113289100 10820 9 158 5 0 1 1 1 1 1 00000099 00000000 00000002 00000033 00000000 00000000 000000ac 00000000
1346058446 32352.55 128725.83 0.00 0.48 0.07 0.18 0.01 0.00 0.00 99.07 7913500 7797620 115880 0.12 0.11 0.08 2139464 6983788 6240 46857740 120336200 113289100 10820 9 159 5 0 1 1 1 1 1 00000099 00000000 00000002 00000033 00000000 00000000 000000ac 00000000
1346058466 32372.72 128806.06 0.00 0.48 0.07 0.18 0.01 0.00 0.00 99.07 7913500 7797744 115756 0.09 0.11 0.08 2139472 6983780 6248 46857732 120336200 113289100 10820 9 160 5 0 1 1 1 1 1 00000099 00000000 00000002 00000033 00000000 00000000 000000ac 00000000
1346058486 32392.90 128886.29 0.00 0.48 0.07 0.18 0.01 0.00 0.00 99.07 7913500 7797100 116400 0.06 0.10 0.08 2139492 6983760 6248 46857732 120336200 113289100 10820 9 160 5 0 1 1 1 1 1 00000099 00000000 00000002 00000033 00000000 00000000 000000ac 00000000
1346058506 32413.08 128966.95 0.00 0.48 0.07 0.18 0.01 0.00 0.00 99.07 7913500 7797752 115748 0.04 0.09 0.08 2139500 6983752 6248 46857732 120336200 113289100 10820 9 160 5 0 1 1 1 1 1 00000099 00000000 00000002 00000033 00000000 00000000 000000ac 00000000
1346058526 32433.25 129047.07 0.00 0.48 0.07 0.18 0.01 0.00 0.00 99.07 7913500 7797620 115880 0.03 0.08 0.08 2139516 6983736 6248 46857732 120336200 113289100 10820 9 160 5 0 1 1 1 1 1 00000099 00000000 00000002 00000033 00000000 00000000 000000ac 00000000
1346058547 32453.43 129126.91 0.00 0.48 0.07 0.18 0.01 0.00 0.00 99.07 7913500 7797116 116384 0.02 0.08 0.07 2139532 6983720 6248 46857732 120336200 113289100 10820 9 160 5 0 1 1 1 1 1 00000099 00000000 00000002 00000033 00000000 00000000 000000ac 00000000
1346058567 32473.60 129206.96 0.00 0.48 0.07 0.18 0.01 0.00 0.00 99.07 7913500 7797372 116128 0.01 0.07 0.07 2139540 6983712 6248 46857732 120336200 113289100 10820 9 160 5 0 1 1 1 1 1 00000099 00000000 00000002 00000033 00000000 00000000 000000ac 00000000
1346058587 32493.77 129287.22 0.00 0.48 0.07 0.18 0.01 0.00 0.00 99.07 7913500 7797744 115756 0.01 0.07 0.07 2139556 6983696 6264 46857716 120336200 113289100 10820 9 160 5 0 1 1 1 1 1 00000099 00000000 00000002 00000033 00000000 00000000 000000ac 00000000
1346058607 32513.95 129368.17 0.00 0.48 0.07 0.18 0.01 0.00 0.00 99.07 7913500 7797596 115904 0.01 0.06 0.07 2139564 6983688 6272 46857708 120336200 113289100 10820 9 160 5 0 1 1 1 1 1 00000099 00000000 00000002 00000033 00000000 00000000 000000ac 00000000
1346058627 32534.12 129448.52 0.00 0.48 0.07 0.18 0.01 0.00 0.00 99.07 7913500 7797612 115888 0.00 0.06 0.07 2139580 6983672 6272 46857708 120336200 113289100 10820 9 160 5 0 1 1 1 1 1 00000099 00000000 00000002 00000033 00000000 00000000 000000ac 00000000
1346058648 32554.29 129529.83 0.00 0.48 0.07 0.18 0.01 0.00 0.00 99.07 7913500 7797620 115880 0.00 0.05 0.06 2139592 6983660 6272 46857708 120336200 113289100 10820 9 160 5 0 1 1 1 1 1 00000099 00000000 00000002 00000033 00000000 00000000 000000ac 00000000
1346058668 32574.47 129610.25 0.00 0.48 0.07 0.18 0.01 0.00 0.00 99.07 7913500 7797744 115756 0.00 0.05 0.06 2139604 6983648 6276 46857704 120336200 113289100 10820 9 160 5 0 1 1 1 1 1 00000099 00000000 00000002 00000033 00000000 00000000 000000ac 00000000
1346058688 32594.64 129690.74 0.00 0.48 0.07 0.18 0.01 0.00 0.00 99.07 7913500 7797620 115880 0.00 0.04 0.06 2139616 6983636 6292 46857688 120336200 113289100 10820 9 160 5 0 1 1 1 1 1 00000099 00000000 00000002 00000033 00000000 00000000 000000ac 00000000
1346058708 32614.81 129770.87 0.00 0.48 0.07 0.18 0.01 0.00 0.00 99.07 7913500 7797868 115632 0.00 0.04 0.06 2139632 6983620 6292 46857688 120336200 113289100 10820 9 160 5 0 1 1 1 1 1 00000099 00000000 00000002 00000033 00000000 00000000 000000ac 00000000
