1346040589 14495.71 57646.20 0.00 0.48 0.08 0.19 0.01 0.00 0.00 99.06 7913500 7735656 177844 0.19 0.14 0.06 2125804 6997448 2812 46861168 56741292 176884008 5099 5 70 5 0 1 1 1 1 1 00000048 00000000 00000002 00000018 00000000 00000000 00000052 00000000
1346040609 14515.84 57726.55 0.00 0.48 0.08 0.19 0.01 0.00 0.00 99.07 7913500 7735028 178472 0.13 0.13 0.06 2125824 6997428 2816 46861164 56741292 176884008 5099 5 70 5 0 1 1 1 1 1 00000048 00000000 00000002 00000018 00000000 00000000 00000052 00000000
1346040629 14535.98 57806.47 0.00 0.48 0.08 0.19 0.01 0.00 0.00 99.07 7913500 7735400 178100 0.10 0.12 0.06 2125840 6997412 2816 46861164 56741292 176884008 5099 5 70 5 0 1 1 1 1 1 00000048 00000000 00000002 00000018 00000000 00000000 00000052 00000000
1346040649 14556.11 57886.98 0.00 0.47 0.08 0.19 0.01 0.00 0.00 99.07 7913500 7735136 178364 0.07 0.11 0.05 2125856 6997396 2816 46861164 56741292 176884008 5099 5 70 5 0 1 1 1 1 1 00000048 00000000 00000002 00000018 00000000 00000000 00000052 00000000
1346040669 14576.25 57967.42 0.00 0.47 0.07 0.19 0.01 0.00 0.00 99.07 7913500 7735152 178348 0.05 0.10 0.05 2125872 6997380 2816 46861164 56741292 176884008 5099 5 70 5 0 1 1 1 1 1 00000048 00000000 00000002 00000018 00000000 00000000 00000052 00000000
1346040690 14596.38 58048.18 0.00 0.47 0.07 0.19 0.01 0.00 0.00 99.07 7913500 7735780 177720 0.03 0.10 0.05 2125884 6997368 2840 46861140 56741292 176884008 5099 5 70 5 0 1 1 1 1 1 00000048 00000000 00000002 00000018 00000000 00000000 00000052 00000000
1346040710 14616.52 58128.29 0.00 0.47 0.07 0.19 0.01 0.00 0.00 99.07 7913500 7735152 178348 0.02 0.09 0.05 2125900 6997352 2840 46861140 56741292 176884008 5099 5 70 5 0 1 1 1 1 1 00000048 00000000 00000002 00000018 00000000 00000000 00000052 00000000
1346040730 14636.65 58208.25 0.00 0.47 0.07 0.19 0.01 0.00 0.00 99.07 7913500 7735532 177968 0.02 0.08 0.05 2125916 6997336 2856 46861124 56741292 176884008 5099 5 70 5 0 1 1 1 1 1 00000048 00000000 00000002 00000018 00000000 00000000 00000052 00000000
1346040750 14656.78 58288.62 0.00 0.47 0.07 0.19 0.01 0.00 0.00 99.07 7913500 7735532 177968 0.01 0.08 0.04 2125932 6997320 2856 46861124 56741292 176884008 5099 5 70 5 0 1 1 1 1 1 00000048 00000000 00000002 00000018 00000000 00000000 00000052 00000000
1346040770 14676.91 58368.75 0.00 0.47 0.07 0.19 0.01 0.00 0.00 99.07 7913500 7735572 177928 0.01 0.07 0.04 2125944 6997308 2856 46861124 56741292 176884008 5099 5 70 5 0 1 1 1 1 1 00000048 00000000 00000002 00000018 00000000 00000000 00000052 00000000
1346040790 14697.04 58449.01 0.00 0.47 0.07 0.19 0.01 0.00 0.00 99.07 7913500 7735440 178060 0.00 0.06 0.04 2125964 6997288 2856 46861124 56741292 176884008 5099 5 70 5 0 1 1 1 1 1 00000048 00000000 00000002 00000018 00000000 00000000 00000052 00000000
1346040810 14717.18 58529.20 0.00 0.47 0.07 0.19 0.01 0.00 0.00 99.07 7913500 7735284 178216 0.00 0.06 0.04 2125976 6997276 2856 46861124 56741292 176884008 5099 5 70 5 0 1 1 1 1 1 00000048 00000000 00000002 00000018 00000000 00000000 00000052 00000000
1346040831 14737.31 58609.47 0.00 0.47 0.07 0.19 0.01 0.00 0.00 99.07 7913500 7735656 177844 0.00 0.05 0.04 2125996 6997256 2856 46861124 56741292 176884008 5099 5 70 5 0 1 1 1 1 1 00000048 00000000 00000002 00000018 00000000 00000000 00000052 00000000
1346040851 14757.45 58688.99 0.00 0.47 0.07 0.19 0.01 0.00 0.00 99.07 7913500 7735780 177720 0.00 0.05 0.03 2126012 6997240 2856 46861124 56741292 176884008 5099 5 70 5 0 1 1 1 1 1 00000048 00000000 00000002 00000018 00000000 00000000 00000052 00000000
1346040871 14777.59 58769.36 0.00 0.47 0.07 0.19 0.01 0.00 0.00 99.07 7913500 7735704 177796 0.00 0.05 0.03 2126024 6997228 2856 46861124 56741292 176884008 5099 5 70 5 0 1 1 1 1 1 00000048 00000000 00000002 00000018 00000000 00000000 00000052 00000000
1346040891 14797.73 58849.48 0.00 0.47 0.07 0.19 0.01 0.00 0.00 99.07 7913500 7735844 177656 0.00 0.04 0.03 2126040 6997212 2856 46861124 56741292 176884008 5099 5 70 5 0 1 1 1 1 1 00000048 00000000 00000002 00000018 00000000 00000000 00000052 00000000
1346040911 14817.86 58929.36 0.00 0.47 0.07 0.19 0.01 0.00 0.00 99.07 7913500 7735680 177820 0.00 0.04 0.03 2126056 6997196 2872 46861108 56741292 176884008 5099 5 70 5 0 1 1 1 1 1 00000048 00000000 00000002 00000018 00000000 00000000 00000052 00000000
1346040931 14838.00 59009.85 0.00 0.47 0.07 0.19 0.01 0.00 0.00 99.07 7913500 7735796 177704 0.00 0.04 0.03 2126072 6997180 2884 46861096 56741292 176884008 5099 5 70 5 0 1 1 1 1 1 00000048 00000000 00000002 00000018 00000000 00000000 00000052 00000000
1346040951 14858.13 59089.72 0.00 0.47 0.07 0.19 0.01 0.00 0.00 99.07 7913500 7735804 177696 0.00 0.03 0.02 2126088 6997164 2892 46861088 56741292 176884008 5099 5 70 5 0 1 1 1 1 1 00000048 00000000 00000002 00000018 00000000 00000000 00000052 00000000
1346040972 14878.27 59170.31 0.00 0.47 0.07 0.19 0.01 0.00 0.00 99.07 7913500 7735440 178060 0.00 0.03 0.02 2126104 6997148 2900 46861080 56741292 176884008 5099 5 70 5 0 1 1 1 1 1 00000048 00000000 00000002 00000018 00000000 00000000 00000052 00000000
1346040992 14898.41 59250.59 0.00 0.47 0.07 0.19 0.01 0.00 0.00 99.07 7913500 7735660 177840 0.00 0.03 0.02 2126112 6997140 2900 46861080 56741292 176884008 5099 5 70 5 0 1 1 1 1 1 00000048 00000000 00000002 00000018 00000000 00000000 00000052 00000000
1346041012 14918.54 59330.76 0.00 0.47 0.07 0.19 0.01 0.00 0.00 99.07 7913500 7736076 177424 0.00 0.02 0.02 2126136 6997116 2900 46861080 56741292 176884008 5099 5 70 5 0 1 1 1 1 1 00000048 00000000 00000002 00000018 00000000 00000000 00000052 00000000
1346041032 14938.67 59410.66 0.00 0.47 0.07 0.19 0.01 0.00 0.00 99.07 7913500 7735852 177648 0.00 0.02 0.02 2126148 6997104 2900 46861080 56741292 176884008 5099 5 70 5 0 1 1 1 1 1 00000048 00000000 00000002 00000018 00000000 00000000 00000052 00000000
1346041052 14958.80 59490.32 0.00 0.47 0.07 0.19 0.01 0.00 0.00 99.07 7913500 7735580 177920 0.00 0.02 0.01 2126164 6997088 2900 46861080 56741292 176884008 5099 5 70 5 0 1 1 1 1 1 00000048 00000000 00000002 00000018 00000000 00000000 00000052 00000000
1346041072 14978.94 59570.58 0.00 0.47 0.07 0.19 0.01 0.00 0.00 99.07 7913500 7735652 177848 0.00 0.02 0.01 2126184 6997068 2900 46861080 56741292 176884008 5099 5 70 5 0 1 1 1 1 1 00000048 00000000 00000002 00000018 00000000 00000000 00000052 00000000
1346041092 14999.06 59650.75 0.00 0.47 0.07 0.19 0.01 0.00 0.00 99.07 7913500 7736052 177448 0.00 0.02 0.01 2126192 6997060 2900 46861080 56741292 176884008 5099 5 70 5 0 1 1 1 1 1 00000048 00000000 00000002 00000018 00000000 00000000 00000052 00000000
1346041112 15019.20 59731.32 0.00 0.47 0.07 0.19 0.01 0.00 0.00 99.07 7913500 7735532 177968 0.00 0.01 0.01 2126216 6997036 2900 46861080 56741292 176884008 5099 5 70 5 0 1 1 1 1 1 00000048 00000000 00000002 00000018 00000000 00000000 00000052 00000000
1346041133 15039.33 59811.40 0.00 0.47 0.07 0.19 0.01 0.00 0.00 99.07 7913500 7736012 177488 0.00 0.01 0.01 2126224 6997028 2900 46861080 56741292 176884008 5099 5 70 5 0 1 1 1 1 1 00000048 00000000 00000002 00000018 00000000 00000000 00000052 00000000
1346041153 15059.46 59891.52 0.00 0.47 0.07 0.19 0.01 0.00 0.00 99.07 7913500 7735664 177836 0.07 0.03 0.01 2126244 6997008 2924 46861056 56741292 176884008 5099 5 70 5 0 1 1 1 1 1 00000048 00000000 00000002 00000018 00000000 00000000 00000052 00000000
1346041173 15079.60 59971.71 0.00 0.47 0.07 0.19 0.01 0.00 0.00 99.07 7913500 7735904 177596 0.05 0.03 0.01 2126256 6996996 2924 46861056 56741292 176884008 5099 5 70 5 0 1 1 1 1 1 00000048 00000000 00000002 00000018 00000000 00000000 00000052 00000000
1346041193 15099.73 60051.51 0.00 0.47 0.07 0.19 0.01 0.00 0.00 99.07 7913500 7735772 177728 0.04 0.02 0.01 2126276 6996976 2940 46861040 56741292 176884008 5099 5 70 5 0 1 1 1 1 1 00000048 00000000 00000002 00000018 00000000 00000000 00000052 00000000
1346041213 15119.87 60131.55 0.00 0.47 0.07 0.19 0.01 0.00 0.00 99.07 7913500 7736020 177480 0.10 0.04 0.01 2126288 6996964 2940 46861040 56741292 176884008 5099 5 70 5 0 1 1 1 1 1 00000048 00000000 00000002 00000018 00000000 00000000 00000052 00000000
1346041233 15140.01 60211.91 0.00 0.47 0.07 0.19 0.01 0.00 0.00 99.07 7913500 7736128 177372 0.42 0.12 0.03 2126304 6996948 2948 46861032 56741292 176884008 5099 5 72 5 0 1 1 1 1 1 00000048 00000000 00000002 00000018 00000000 00000000 00000052 00000000
1346041253 15160.15 60292.16 0.00 0.47 0.07 0.19 0.01 0.00 0.00 99.07 7913500 7735888 177612 0.30 0.11 0.03 2126320 6996932 2956 46861024 56741292 176884008 5099 5 73 5 0 1 1 1 1 1 00000048 00000000 00000002 00000018 00000000 00000000 00000052 00000000
1346041274 15180.27 60372.15 0.00 0.47 0.07 0.19 0.01 0.00 0.00 99.07 7913500 7735896 177604 0.34 0.13 0.04 2126332 6996920 2960 46861020 56741292 176884008 5099 5 74 5 0 1 1 1 1 1 00000048 00000000 00000002 00000018 00000000 00000000 00000052 00000000
1346041294 15200.41 60452.85 0.00 0.47 0.07 0.19 0.01 0.00 0.00 99.08 7913500 7735780 177720 0.53 0.19 0.06 2126352 6996900 2964 46861016 56741292 176884008 5099 5 75 5 0 1 1 1 1 1 00000048 00000000 00000002 00000018 00000000 00000000 00000052 00000000
1346041314 15220.54 60533.51 0.00 0.47 0.07 0.19 0.01 0.00 0.00 99.08 7913500 7736400 177100 0.41 0.19 0.06 2126360 6996892 2964 46861016 56741292 176884008 5099 5 75 5 0 1 1 1 1 1 00000048 00000000 00000002 00000018 00000000 00000000 00000052 00000000
1346041334 15240.68 60614.02 0.00 0.47 0.07 0.19 0.01 0.00 0.00 99.08 7913500 7736012 177488 0.29 0.17 0.06 2126376 6996876 2964 46861016 56741292 176884008 5099 5 75 5 0 1 1 1 1 1 00000048 00000000 00000002 00000018 00000000 00000000 00000052 00000000
1346041354 15260.81 60694.23 0.00 0.47 0.07 0.19 0.01 0.00 0.00 99.08 7913500 7735780 177720 0.21 0.16 0.06 2126384 6996868 2964 46861016 56741292 176884008 5099 5 75 5 0 1 1 1 1 1 00000048 00000000 00000002 00000018 00000000 00000000 00000052 00000000
1346041374 15280.95 60774.60 0.00 0.47 0.07 0.19 0.01 0.00 0.00 99.08 7913500 7735920 177580 0.15 0.15 0.06 2126396 6996856 2964 46861016 56741292 176884008 5099 5 75 5 0 1 1 1 1 1 00000048 00000000 00000002 00000018 00000000 00000000 00000052 00000000
1346041394 15301.08 60854.51 0.00 0.47 0.07 0.19 0.01 0.00 0.00 99.08 7913500 7736020 177480 0.10 0.14 0.06 2126412 6996840 2964 46861016 56741292 176884008 5099 5 75 5 0 1 1 1 1 1 00000048 00000000 00000002 00000018 00000000 00000000 00000052 00000000
1346041414 15321.22 60935.14 0.00 0.47 0.07 0.19 0.01 0.00 0.00 99.08 7913500 7735912 177588 0.07 0.13 0.05 2126424 6996828 2964 46861016 56741292 176884008 5099 5 75 5 0 1 1 1 1 1 00000048 00000000 00000002 00000018 00000000 00000000 00000052 00000000
1346041435 15341.36 61015.62 0.00 0.47 0.07 0.19 0.01 0.00 0.00 99.08 7913500 7735880 177620 0.05 0.12 0.05 2126432 6996820 2964 46861016 56741292 176884008 5099 5 75 5 0 1 1 1 1 1 00000048 00000000 00000002 00000018 00000000 00000000 00000052 00000000
1346041455 15361.49 61095.94 0.00 0.47 0.07 0.19 0.01 0.00 0.00 99.08 7913500 7736144 177356 0.04 0.11 0.05 2126452 6996800 2980 46861000 56741292 176884008 5099 5 75 5 0 1 1 1 1 1 00000048 00000000 00000002 00000018 00000000 00000000 00000052 00000000
1346041475 15381.63 61176.51 0.00 0.47 0.07 0.19 0.01 0.00 0.00 99.08 7913500 7735912 177588 0.02 0.10 0.05 2126460 6996792 2988 46860992 56741292 176884008 5099 5 75 5 0 1 1 1 1 1 00000048 00000000 00000002 00000018 00000000 00000000 00000052 00000000
1346041495 15401.77 61256.01 0.00 0.47 0.07 0.19 0.01 0.00 0.00 99.08 7913500 7736524 176976 0.02 0.10 0.05 2126472 6996780 2996 46860984 56741292 176884008 5099 5 75 5 0 1 1 1 1 1 00000048 00000000 00000002 00000018 00000000 00000000 00000052 00000000
1346041515 15421.91 61336.42 0.00 0.47 0.07 0.19 0.01 0.00 0.00 99.08 7913500 7736532 176968 0.01 0.09 0.04 2126492 6996760 3004 46860976 56741292 176884008 5099 5 75 5 0 1 1 1 1 1 00000048 00000000 00000002 00000018 00000000 00000000 00000052 00000000
1346041535 15442.04 61416.77 0.00 0.47 0.07 0.19 0.01 0.00 0.00 99.08 7913500 7736408 177092 0.01 0.08 0.04 2126500 6996752 3004 46860976 56741292 176884008 5099 5 75 5 0 1 1 1 1 1 00000048 00000000 00000002 00000018 00000000 00000000 00000052 00000000
1346041555 15462.18 61496.73 0.00 0.47 0.07 0.19 0.01 0.00 0.00 99.08 7913500 7736028 177472 0.00 0.08 0.04 2126516 6996736 3004 46860976 56741292 176884008 5099 5 75 5 0 1 1 1 1 1 00000048 00000000 00000002 00000018 00000000 00000000 00000052 00000000
1346041576 15482.32 61576.80 0.00 0.47 0.07 0.19 0.01 0.00 0.00 99.08 7913500 7736276 177224 0.00 0.07 0.04 2126528 6996724 3008 46860972 56741292 176884008 5099 5 75 5 0 1 1 1 1 1 00000048 00000000 00000002 00000018 00000000 00000000 00000052 00000000
1346041596 15502.46 61657.00 0.00 0.47 0.07 0.19 0.01 0.00 0.00 99.08 7913500 7736648 176852 0.00 0.06 0.04 2126544 6996708 3008 46860972 56741292 176884008 5099 5 75 5 0 1 1 1 1 1 00000048 00000000 00000002 00000018 00000000 00000000 00000052 00000000
1346041616 15522.59 61737.11 0.00 0.47 0.07 0.19 0.01 0.00 0.00 99.08 7913500 7736276 177224 0.00 0.06 0.03 2126556 6996696 3008 46860972 56741292 176884008 5099 5 75 5 0 1 1 1 1 1 00000048 00000000 00000002 00000018 00000000 00000000 00000052 00000000
1346041636 15542.73 61817.18 0.00 0.47 0.07 0.19 0.01 0.00 0.00 99.08 7913500 7736152 177348 0.00 0.05 0.03 2126564 6996688 3008 46860972 56741292 176884008 5099 5 75 5 0 1 1 1 1 1 00000048 00000000 00000002 00000018 00000000 00000000 00000052 00000000
1346041656 15562.87 61897.82 0.00 0.47 0.07 0.19 0.01 0.00 0.00 99.08 7913500 7735904 177596 0.00 0.05 0.03 2126576 6996676 3008 46860972 56741292 176884008 5099 5 75 5 0 1 1 1 1 1 00000048 00000000 00000002 00000018 00000000 00000000 00000052 00000000
1346041676 15583.01 61977.75 0.00 0.47 0.07 0.19 0.01 0.00 0.00 99.08 7913500 7736756 176744 0.00 0.05 0.03 2126592 6996660 3008 46860972 56741292 176884008 5099 5 75 5 0 1 1 1 1 1 00000048 00000000 00000002 00000018 00000000 00000000 00000052 00000000
1346041696 15603.14 62057.80 0.00 0.47 0.07 0.19 0.01 0.00 0.00 99.08 7913500 7736664 176836 0.00 0.04 0.03 2126608 6996644 3032 46860948 56741292 176884008 5099 5 75 5 0 1 1 1 1 1 00000048 00000000 00000002 00000018 00000000 00000000 00000052 00000000
1346041717 15623.28 62137.99 0.00 0.47 0.07 0.19 0.01 0.00 0.00 99.08 7913500 7736508 176992 0.00 0.04 0.02 2126616 6996636 3032 46860948 56741292 176884008 5099 5 75 5 0 1 1 1 1 1 00000048 00000000 00000002 00000018 00000000 00000000 00000052 00000000
1346041737 15643.42 62218.43 0.00 0.47 0.07 0.19 0.01 0.00 0.00 99.08 7913500 7736648 176852 0.00 0.04 0.02 2126632 6996620 3048 46860932 56741292 176884008 5099 5 75 5 0 1 1 1 1 1 00000048 00000000 00000002 00000018 00000000 00000000 00000052 00000000
1346041757 15663.55 62298.72 0.00 0.47 0.07 0.19 0.01 0.00 0.00 99.08 7913500 7736772 176728 0.00 0.03 0.02 2126644 6996608 3048 46860932 56741292 176884008 5099 5 75 5 0 1 1 1 1 1 00000048 00000000 00000002 00000018 00000000 00000000 00000052 00000000
1346041777 15683.68 62378.94 0.00 0.47 0.07 0.19 0.01 0.00 0.00 99.08 7913500 7736244 177256 0.00 0.03 0.02 2126652 6996600 3048 46860932 56741292 176884008 5099 5 75 5 0 1 1 1 1 1 00000048 00000000 00000002 00000018 00000000 00000000 00000052 00000000
1346041797 15703.82 62459.15 0.00 0.47 0.07 0.19 0.01 0.00 0.00 99.08 7913500 7736392 177108 0.00 0.03 0.02 2126668 6996584 3048 46860932 56741292 176884008 5099 5 75 5 0 1 1 1 1 1 00000048 00000000 00000002 00000018 00000000 00000000 00000052 00000000
1346041817 15723.95 62539.25 0.00 0.47 0.07 0.19 0.01 0.00 0.00 99.08 7913500 7736400 177100 0.00 0.02 0.02 2126680 6996572 3048 46860932 56741292 176884008 5099 5 75 5 0 1 1 1 1 1 00000048 00000000 00000002 00000018 00000000 00000000 00000052 00000000
1346041837 15744.09 62619.92 0.00 0.47 0.07 0.19 0.01 0.00 0.00 99.08 7913500 7736632 176868 0.00 0.02 0.01 2126688 6996564 3048 46860932 56741292 176884008 5099 5 75 5 0 1 1 1 1 1 00000048 00000000 00000002 00000018 00000000 00000000 00000052 00000000
1346041857 15764.22 62700.21 0.00 0.47 0.07 0.19 0.01 0.00 0.00 99.08 7913500 7736276 177224 0.00 0.02 0.01 2126708 6996544 3048 46860932 56741292 176884008 5099 5 75 5 0 1 1 1 1 1 00000048 00000000 00000002 00000018 00000000 00000000 00000052 00000000
1346041878 15784.36 62780.90 0.00 0.47 0.07 0.19 0.01 0.00 0.00 99.08 7913500 7736160 177340 0.07 0.03 0.01 2126716 6996536 3048 46860932 56741292 176884008 5099 5 75 5 0 1 1 1 1 1 00000048 00000000 00000002 00000018 00000000 00000000 00000052 00000000
1346041898 15804.50 62861.31 0.00 0.47 0.07 0.19 0.01 0.00 0.00 99.08 7913500 7736532 176968 0.20 0.06 0.02 2126736 6996516 3052 46860928 56741292 176884008 5099 5 75 5 0 1 1 1 1 1 00000048 00000000 00000002 00000018 00000000 00000000 00000052 00000000
1346041918 15824.63 62941.62 0.00 0.47 0.07 0.19 0.01 0.00 0.00 99.08 7913500 7736268 177232 0.35 0.11 0.04 2126744 6996508 3068 46860912 56741292 176884008 5099 5 75 5 0 1 1 1 1 1 00000048 00000000 00000002 00000018 00000000 00000000 00000052 00000000
1346041938 15844.77 63021.97 0.00 0.47 0.07 0.19 0.01 0.00 0.00 99.08 7913500 7736408 177092 0.25 0.10 0.04 2126752 6996500 3076 46860904 56741292 176884008 5099 5 75 5 0 1 1 1 1 1 00000048 00000000 00000002 00000018 00000000 00000000 00000052 00000000
1346041958 15864.90 63101.93 0.00 0.47 0.07 0.19 0.01 0.00 0.00 99.08 7913500 7736772 176728 0.18 0.09 0.03 2126772 6996480 3084 46860896 56741292 176884008 5099 5 75 5 0 1 1 1 1 1 00000048 00000000 00000002 00000018 00000000 00000000 00000052 00000000
1346041978 15885.04 63182.13 0.00 0.47 0.07 0.19 0.01 0.00 0.00 99.08 7913500 7736640 176860 0.13 0.08 0.03 2126780 6996472 3092 46860888 56741292 176884008 5099 5 75 5 0 1 1 1 1 1 00000048 00000000 00000002 00000018 00000000 00000000 00000052 00000000
1346041998 15905.17 63262.18 0.00 0.47 0.07 0.19 0.01 0.00 0.00 99.08 7913500 7736772 176728 0.09 0.08 0.03 2126796 6996456 3092 46860888 56741292 176884008 5099 5 75 5 0 1 1 1 1 1 00000048 00000000 00000002 00000018 00000000 00000000 00000052 00000000
1346042019 15925.31 63342.94 0.00 0.47 0.07 0.19 0.01 0.00 0.00 99.08 7913500 7736400 177100 0.06 0.07 0.03 2126808 6996444 3092 46860888 56741292 176884008 5099 5 75 5 0 1 1 1 1 1 00000048 00000000 00000002 00000018 00000000 00000000 00000052 00000000
1346042039 15945.45 63419.73 0.00 0.47 0.07 0.19 0.01 0.00 0.00 99.08 7913500 7822528 90972 0.33 0.13 0.05 2126840 6996412 3092 46860888 58386468 175238832 5248 5 75 5 0 1 1 1 1 1 0000004a 00000001 00000000 00000018 00000095 00000000 00000055 00000000
1346042059 15965.59 63494.93 0.00 0.47 0.07 0.19 0.01 0.00 0.00 99.07 7913500 7839188 74312 0.24 0.12 0.05 2126864 6996388 3092 46860888 60409588 173215712 5429 5 75 5 0 1 1 1 1 1 0000004d 00000001 00000001 00000019 00000083 00000000 00000058 00000000
1346042079 15985.75 63570.37 0.00 0.48 0.08 0.19 0.01 0.00 0.00 99.06 7913500 7743724 169776 0.39 0.16 0.06 2126900 6996352 3092 46860888 62643916 170981384 5630 5 75 5 0 1 1 1 1 1 00000050 00000001 00000002 0000001a 00000043 00000000 0000005b 00000000
1346042099 16005.90 63648.23 0.00 0.48 0.08 0.19 0.01 0.00 0.00 99.06 7913500 7844744 68756 0.42 0.18 0.07 2126924 6996328 3092 46860888 63822216 169803084 5736 5 75 5 0 1 1 1 1 1 00000051 00000000 00000002 0000001b 00000000 00000000 0000005c 00000000
1346042119 16026.05 63728.48 0.00 0.48 0.08 0.19 0.01 0.00 0.00 99.06 7913500 7846184 67316 0.30 0.17 0.07 2126936 6996316 3092 46860888 63822216 169803084 5736 5 75 5 0 1 1 1 1 1 00000051 00000000 00000002 0000001b 00000000 00000000 0000005c 00000000
1346042139 16046.19 63808.71 0.00 0.48 0.08 0.19 0.01 0.00 0.00 99.06 7913500 7846068 67432 0.21 0.16 0.06 2126952 6996300 3092 46860888 63822216 169803084 5736 5 75 5 0 1 1 1 1 1 00000051 00000000 00000002 0000001b 00000000 00000000 0000005c 00000000
1346042160 16066.32 63888.78 0.00 0.48 0.08 0.19 0.01 0.00 0.00 99.06 7913500 7846068 67432 0.15 0.15 0.06 2126964 6996288 3116 46860864 63822216 169803084 5736 5 75 5 0 1 1 1 1 1 00000051 00000000 00000002 0000001b 00000000 00000000 0000005c 00000000
1346042180 16086.47 63969.31 0.00 0.48 0.08 0.19 0.01 0.00 0.00 99.06 7913500 7846424 67076 0.11 0.14 0.06 2126980 6996272 3116 46860864 63822216 169803084 5736 5 75 5 0 1 1 1 1 1 00000051 00000000 00000002 0000001b 00000000 00000000 0000005c 00000000
1346042200 16106.60 64049.47 0.00 0.48 0.08 0.19 0.01 0.00 0.00 99.06 7913500 7846276 67224 0.08 0.13 0.06 2126984 6996268 3132 46860848 63822216 169803084 5736 5 75 5 0 1 1 1 1 1 00000051 00000000 00000002 0000001b 00000000 00000000 0000005c 00000000
1346042220 16126.75 64129.89 0.00 0.48 0.08 0.19 0.01 0.00 0.00 99.06 7913500 7846152 67348 0.05 0.12 0.06 2127000 6996252 3136 46860844 63822216 169803084 5736 5 75 5 0 1 1 1 1 1 00000051 00000000 00000002 0000001b 00000000 00000000 0000005c 00000000
1346042240 16146.89 64210.55 0.00 0.48 0.08 0.19 0.01 0.00 0.00 99.06 7913500 7846680 66820 0.04 0.11 0.05 2127012 6996240 3144 46860836 63822216 169803084 5736 5 77 5 0 1 1 1 1 1 00000051 00000000 00000002 0000001b 00000000 00000000 0000005c 00000000
1346042260 16167.03 64290.73 0.00 0.48 0.08 0.19 0.01 0.00 0.00 99.06 7913500 7846424 67076 0.03 0.10 0.05 2127032 6996220 3148 46860832 63822216 169803084 5736 5 78 5 0 1 1 1 1 1 00000051 00000000 00000002 0000001b 00000000 00000000 0000005c 00000000
1346042280 16187.17 64370.94 0.00 0.48 0.08 0.19 0.01 0.00 0.00 99.06 7913500 7846672 66828 0.02 0.09 0.05 2127040 6996212 3152 46860828 63822216 169803084 5736 5 79 5 0 1 1 1 1 1 00000051 00000000 00000002 0000001b 00000000 00000000 0000005c 00000000
1346042301 16207.31 64451.03 0.00 0.48 0.08 0.19 0.01 0.00 0.00 99.06 7913500 7846688 66812 0.01 0.09 0.05 2127056 6996196 3156 46860824 63822216 169803084 5736 5 80 5 0 1 1 1 1 1 00000051 00000000 00000002 0000001b 00000000 00000000 0000005c 00000000
1346042321 16227.44 64531.64 0.00 0.48 0.08 0.19 0.01 0.00 0.00 99.06 7913500 7846672 66828 0.29 0.14 0.07 2127072 6996180 3156 46860824 63822216 169803084 5736 5 80 5 0 1 1 1 1 1 00000051 00000000 00000002 0000001b 00000000 00000000 0000005c 00000000
1346042341 16247.59 64611.56 0.00 0.48 0.08 0.19 0.01 0.00 0.00 99.06 7913500 7846680 66820 0.25 0.15 0.07 2127080 6996172 3156 46860824 63822216 169803084 5736 5 80 5 0 1 1 1 1 1 00000051 00000000 00000002 0000001b 00000000 00000000 0000005c 00000000
1346042361 16267.73 64692.17 0.00 0.48 0.08 0.19 0.01 0.00 0.00 99.06 7913500 7846928 66572 0.18 0.14 0.07 2127100 6996152 3156 46860824 63822216 169803084 5736 5 80 5 0 1 1 1 1 1 00000051 00000000 00000002 0000001b 00000000 00000000 0000005c 00000000
1346042381 16287.87 64772.14 0.00 0.48 0.08 0.19 0.01 0.00 0.00 99.06 7913500 7846532 66968 0.13 0.13 0.07 2127108 6996144 3156 46860824 63822216 169803084 5736 5 80 5 0 1 1 1 1 1 00000051 00000000 00000002 0000001b 00000000 00000000 0000005c 00000000
1346042401 16308.00 64852.35 0.00 0.48 0.08 0.19 0.01 0.00 0.00 99.06 7913500 7846672 66828 0.09 0.12 0.07 2127116 6996136 3156 46860824 63822216 169803084 5736 5 80 5 0 1 1 1 1 1 00000051 00000000 00000002 0000001b 00000000 00000000 0000005c 00000000
1346042421 16328.14 64932.48 0.00 0.48 0.08 0.19 0.01 0.00 0.00 99.06 7913500 7846424 67076 0.06 0.11 0.06 2127132 6996120 3156 46860824 63822216 169803084 5736 5 80 5 0 1 1 1 1 1 00000051 00000000 00000002 0000001b 00000000 00000000 0000005c 00000000
1346042442 16348.28 65012.58 0.00 0.48 0.08 0.19 0.01 0.00 0.00 99.06 7913500 7846796 66704 0.04 0.10 0.06 2127144 6996108 3156 46860824 63822216 169803084 5736 5 80 5 0 1 1 1 1 1 00000051 00000000 00000002 0000001b 00000000 00000000 0000005c 00000000
1346042462 16368.42 65092.85 0.00 0.48 0.08 0.19 0.01 0.00 0.00 99.06 7913500 7846772 66728 0.03 0.09 0.06 2127160 6996092 3172 46860808 63822216 169803084 5736 5 80 5 0 1 1 1 1 1 00000051 00000000 00000002 0000001b 00000000 00000000 0000005c 00000000
1346042482 16388.56 65172.89 0.00 0.48 0.08 0.19 0.01 0.00 0.00 99.06 7913500 7846640 66860 0.24 0.14 0.07 2127172 6996080 3180 46860800 63822216 169803084 5736 5 80 5 0 1 1 1 1 1 00000051 00000000 00000002 0000001b 00000000 00000000 0000005c 00000000
1346042502 16408.70 65253.25 0.00 0.48 0.07 0.19 0.01 0.00 0.00 99.06 7913500 7846796 66704 0.17 0.13 0.07 2127184 6996068 3188 46860792 63822216 169803084 5736 5 80 5 0 1 1 1 1 1 00000051 00000000 00000002 0000001b 00000000 00000000 0000005c 00000000
1346042522 16428.84 65333.48 0.00 0.48 0.07 0.19 0.01 0.00 0.00 99.06 7913500 7846896 66604 0.12 0.12 0.07 2127200 6996052 3196 46860784 63822216 169803084 5736 5 80 5 0 1 1 1 1 1 00000051 00000000 00000002 0000001b 00000000 00000000 0000005c 00000000
1346042542 16448.98 65414.11 0.00 0.48 0.07 0.19 0.01 0.00 0.00 99.07 7913500 7846688 66812 0.09 0.11 0.07 2127208 6996044 3196 46860784 63822216 169803084 5736 5 80 5 0 1 1 1 1 1 00000051 00000000 00000002 0000001b 00000000 00000000 0000005c 00000000
1346042562 16469.12 65494.25 0.00 0.48 0.07 0.19 0.01 0.00 0.00 99.07 7913500 7846548 66952 0.28 0.15 0.08 2127220 6996032 3200 46860780 63822216 169803084 5736 5 80 5 0 1 1 1 1 1 00000051 00000000 00000002 0000001b 00000000 00000000 0000005c 00000000
1346042582 16489.26 65574.40 0.00 0.48 0.07 0.19 0.01 0.00 0.00 99.07 7913500 7846912 66588 0.49 0.20 0.10 2127236 6996016 3200 46860780 63822216 169803084 5736 5 80 5 0 1 1 1 1 1 00000051 00000000 00000002 0000001b 00000000 00000000 0000005c 00000000
1346042603 16509.39 65654.64 0.00 0.48 0.07 0.19 0.01 0.00 0.00 99.07 7913500 7846672 66828 0.35 0.19 0.10 2127244 6996008 3200 46860780 63822216 169803084 5736 5 80 5 0 1 1 1 1 1 00000051 00000000 00000002 0000001b 00000000 00000000 0000005c 00000000
1346042623 16529.54 65734.77 0.00 0.48 0.07 0.19 0.01 0.00 0.00 99.07 7913500 7846672 66828 0.25 0.18 0.09 2127260 6995992 3200 46860780 63822216 169803084 5736 5 80 5 0 1 1 1 1 1 00000051 00000000 00000002 0000001b 00000000 00000000 0000005c 00000000
1346042643 16549.68 65815.17 0.00 0.48 0.07 0.19 0.01 0.00 0.00 99.07 7913500 7847136 66364 0.18 0.16 0.09 2127272 6995980 3200 46860780 63822216 169803084 5736 5 80 5 0 1 1 1 1 1 00000051 00000000 00000002 0000001b 00000000 00000000 0000005c 00000000
1346042663 16569.82 65895.15 0.00 0.47 0.07 0.19 0.01 0.00 0.00 99.07 7913500 7846920 66580 0.12 0.15 0.09 2127288 6995964 3200 46860780 63822216 169803084 5736 5 80 5 0 1 1 1 1 1 00000051 00000000 00000002 0000001b 00000000 00000000 0000005c 00000000
1346042683 16589.95 65975.16 0.00 0.47 0.07 0.19 0.01 0.00 0.00 99.07 7913500 7846672 66828 0.09 0.14 0.09 2127292 6995960 3200 46860780 63822216 169803084 5736 5 80 5 0 1 1 1 1 1 00000051 00000000 00000002 0000001b 00000000 00000000 0000005c 00000000
1346042703 16610.10 66055.20 0.00 0.47 0.07 0.19 0.01 0.00 0.00 99.07 7913500 7846912 66588 0.06 0.13 0.08 2127308 6995944 3224 46860756 63822216 169803084 5736 5 80 5 0 1 1 1 1 1 00000051 00000000 00000002 0000001b 00000000 00000000 0000005c 00000000
1346042723 16630.24 66135.61 0.00 0.47 0.07 0.19 0.01 0.00 0.00 99.07 7913500 7847216 66284 0.04 0.12 0.08 2127324 6995928 3224 46860756 63822216 169803084 5736 5 80 5 0 1 1 1 1 1 00000051 00000000 00000002 0000001b 00000000 00000000 0000005c 00000000
1346042744 16650.37 66215.67 0.00 0.47 0.07 0.19 0.01 0.00 0.00 99.07 7913500 7846556 66944 0.03 0.11 0.08 2127336 6995916 3240 46860740 63822216 169803084 5736 5 80 5 0 1 1 1 1 1 00000051 00000000 00000002 0000001b 00000000 00000000 0000005c 00000000
1346042764 16670.52 66295.73 0.00 0.47 0.07 0.19 0.01 0.00 0.00 99.07 7913500 7846844 66656 0.02 0.11 0.08 2127352 6995900 3240 46860740 63822216 169803084 5736 5 80 5 0 1 1 1 1 1 00000051 00000000 00000002 0000001b 00000000 00000000 0000005c 00000000
1346042784 16690.66 66376.35 0.00 0.47 0.07 0.19 0.01 0.00 0.00 99.07 7913500 7846812 66688 0.01 0.10 0.08 2127360 6995892 3240 46860740 63822216 169803084 5736 5 80 5 0 1 1 1 1 1 00000051 00000000 00000002 0000001b 00000000 00000000 0000005c 00000000
1346042804 16710.80 66456.20 0.00 0.47 0.07 0.19 0.01 0.00 0.00 99.07 7913500 7846960 66540 0.01 0.09 0.07 2127376 6995876 3240 46860740 63822216 169803084 5736 5 80 5 0 1 1 1 1 1 00000051 00000000 00000002 0000001b 00000000 00000000 0000005c 00000000
1346042824 16730.93 66536.77 0.00 0.47 0.07 0.19 0.01 0.00 0.00 99.07 7913500 7847292 66208 0.01 0.08 0.07 2127384 6995868 3240 46860740 63822216 169803084 5736 5 80 5 0 1 1 1 1 1 00000051 00000000 00000002 0000001b 00000000 00000000 0000005c 00000000
1346042844 16751.08 66616.64 0.00 0.47 0.07 0.19 0.01 0.00 0.00 99.07 7913500 7847160 66340 0.00 0.08 0.07 2127396 6995856 3240 46860740 63822216 169803084 5736 5 80 5 0 1 1 1 1 1 00000051 00000000 00000002 0000001b 00000000 00000000 0000005c 00000000
1346042864 16771.21 66696.80 0.00 0.47 0.07 0.19 0.01 0.00 0.00 99.07 7913500 7847448 66052 0.00 0.07 0.07 2127412 6995840 3240 46860740 63822216 169803084 5736 5 80 5 0 1 1 1 1 1 00000051 00000000 00000002 0000001b 00000000 00000000 0000005c 00000000
1346042885 16791.35 66776.75 0.00 0.47 0.07 0.19 0.01 0.00 0.00 99.07 7913500 7847144 66356 0.00 0.07 0.07 2127424 6995828 3244 46860736 63822216 169803084 5736 5 80 5 0 1 1 1 1 1 00000051 00000000 00000002 0000001b 00000000 00000000 0000005c 00000000
1346042905 16811.48 66857.19 0.00 0.47 0.07 0.19 0.01 0.00 0.00 99.07 7913500 7846820 66680 0.00 0.06 0.06 2127436 6995816 3244 46860736 63822216 169803084 5736 5 80 5 0 1 1 1 1 1 00000051 00000000 00000002 0000001b 00000000 00000000 0000005c 00000000
1346042925 16831.62 66937.32 0.00 0.47 0.07 0.19 0.01 0.00 0.00 99.07 7913500 7847308 66192 0.00 0.06 0.06 2127452 6995800 3260 46860720 63822216 169803084 5736 5 80 5 0 1 1 1 1 1 00000051 00000000 00000002 0000001b 00000000 00000000 0000005c 00000000
1346042945 16851.76 67017.48 0.00 0.47 0.07 0.19 0.01 0.00 0.00 99.07 7913500 7847076 66424 0.00 0.05 0.06 2127464 6995788 3268 46860712 63822216 169803084 5736 5 80 5 0 1 1 1 1 1 00000051 00000000 00000002 0000001b 00000000 00000000 0000005c 00000000
1346042965 16871.90 67098.05 0.00 0.47 0.07 0.19 0.01 0.00 0.00 99.07 7913500 7846868 66632 0.00 0.05 0.06 2127480 6995772 3276 46860704 63822216 169803084 5736 5 80 5 0 1 1 1 1 1 00000051 00000000 00000002 0000001b 00000000 00000000 0000005c 00000000
1346042985 16892.04 67178.33 0.00 0.47 0.07 0.19 0.01 0.00 0.00 99.07 7913500 7847100 66400 0.00 0.04 0.06 2127488 6995764 3284 46860696 63822216 169803084 5736 5 80 5 0 1 1 1 1 1 00000051 00000000 00000002 0000001b 00000000 00000000 0000005c 00000000
1346043005 16912.18 67258.10 0.00 0.47 0.07 0.19 0.01 0.00 0.00 99.07 7913500 7847272 66228 0.00 0.04 0.05 2127496 6995756 3284 46860696 63822216 169803084 5736 5 80 5 0 1 1 1 1 1 00000051 00000000 00000002 0000001b 00000000 00000000 0000005c 00000000
1346043026 16932.32 67338.29 0.00 0.47 0.07 0.19 0.01 0.00 0.00 99.07 7913500 7847356 66144 0.00 0.04 0.05 2127516 6995736 3284 46860696 63822216 169803084 5736 5 80 5 0 1 1 1 1 1 00000051 00000000 00000002 0000001b 00000000 00000000 0000005c 00000000
1346043046 16952.45 67418.49 0.00 0.47 0.07 0.19 0.01 0.00 0.00 99.07 7913500 7847380 66120 0.07 0.05 0.06 2127524 6995728 3284 46860696 63822216 169803084 5736 5 80 5 0 1 1 1 1 1 00000051 00000000 00000002 0000001b 00000000 00000000 0000005c 00000000
1346043066 16972.59 67498.63 0.00 0.47 0.07 0.19 0.01 0.00 0.00 99.07 7913500 7847216 66284 0.05 0.04 0.05 2127540 6995712 3284 46860696 63822216 169803084 5736 5 80 5 0 1 1 1 1 1 00000051 00000000 00000002 0000001b 00000000 00000000 0000005c 00000000
1346043086 16992.74 67578.87 0.00 0.47 0.07 0.19 0.01 0.00 0.00 99.07 7913500 7847284 66216 0.04 0.04 0.05 2127552 6995700 3284 46860696 63822216 169803084 5736 5 80 5 0 1 1 1 1 1 00000051 00000000 00000002 0000001b 00000000 00000000 0000005c 00000000
1346043106 17012.87 67659.35 0.00 0.47 0.07 0.19 0.01 0.00 0.00 99.07 7913500 7847420 66080 0.02 0.04 0.05 2127568 6995684 3284 46860696 63822216 169803084 5736 5 80 5 0 1 1 1 1 1 00000051 00000000 00000002 0000001b 00000000 00000000 0000005c 00000000
1346043126 17033.02 67739.69 0.00 0.47 0.07 0.19 0.01 0.00 0.00 99.08 7913500 7847416 66084 0.02 0.03 0.05 2127572 6995680 3284 46860696 63822216 169803084 5736 5 80 5 0 1 1 1 1 1 00000051 00000000 00000002 0000001b 00000000 00000000 0000005c 00000000
1346043146 17053.15 67819.42 0.00 0.47 0.07 0.19 0.01 0.00 0.00 99.08 7913500 7846804 66696 0.01 0.03 0.05 2127588 6995664 3284 46860696 63822216 169803084 5736 5 80 5 0 1 1 1 1 1 00000051 00000000 00000002 0000001b 00000000 00000000 0000005c 00000000
1346043167 17073.29 67899.55 0.00 0.47 0.07 0.19 0.01 0.00 0.00 99.08 7913500 7847540 65960 0.01 0.03 0.04 2127604 6995648 3308 46860672 63822216 169803084 5736 5 80 5 0 1 1 1 1 1 00000051 00000000 00000002 0000001b 00000000 00000000 0000005c 00000000
1346043187 17093.43 67979.70 0.00 0.47 0.07 0.19 0.01 0.00 0.00 99.08 7913500 7847516 65984 0.16 0.06 0.05 2127612 6995640 3308 46860672 63822216 169803084 5736 5 80 5 0 1 1 1 1 1 00000051 00000000 00000002 0000001b 00000000 00000000 0000005c 00000000
1346043207 17113.58 68060.13 0.00 0.47 0.07 0.19 0.01 0.00 0.00 99.08 7913500 7847044 66456 0.11 0.05 0.05 2127632 6995620 3328 46860652 63822216 169803084 5736 5 80 5 0 1 1 1 1 1 00000051 00000000 00000002 0000001b 00000000 00000000 0000005c 00000000
1346043227 17133.72 68140.67 0.00 0.47 0.07 0.19 0.01 0.00 0.00 99.08 7913500 7847160 66340 0.08 0.05 0.05 2127640 6995612 3328 46860652 63822216 169803084 5736 5 80 5 0 1 1 1 1 1 00000051 00000000 00000002 0000001b 00000000 00000000 0000005c 00000000
1346043247 17153.86 68220.93 0.00 0.47 0.07 0.19 0.01 0.00 0.00 99.08 7913500 7847292 66208 0.06 0.05 0.05 2127656 6995596 3336 46860644 63822216 169803084 5736 5 82 5 0 1 1 1 1 1 00000051 00000000 00000002 0000001b 00000000 00000000 0000005c 00000000
1346043267 17173.99 68301.02 0.00 0.47 0.07 0.19 0.01 0.00 0.00 99.08 7913500 7847664 65836 0.19 0.08 0.06 2127668 6995584 3340 46860640 63822216 169803084 5736 5 83 5 0 1 1 1 1 1 00000051 00000000 00000002 0000001b 00000000 00000000 0000005c 00000000
1346043287 17194.14 68380.90 0.00 0.47 0.07 0.19 0.01 0.00 0.00 99.08 7913500 7847548 65952 0.42 0.13 0.08 2127684 6995568 3348 46860632 63822216 169803084 5736 5 85 5 0 1 1 1 1 1 00000051 00000000 00000002 0000001b 00000000 00000000 0000005c 00000000
1346043308 17214.28 68460.52 0.00 0.47 0.07 0.19 0.01 0.00 0.00 99.08 7913500 7847416 66084 0.30 0.12 0.07 2127704 6995548 3348 46860632 63822216 169803084 5736 5 85 5 0 1 1 1 1 1 00000051 00000000 00000002 0000001b 00000000 00000000 0000005c 00000000
1346043328 17234.41 68541.12 0.00 0.47 0.07 0.19 0.01 0.00 0.00 99.08 7913500 7847688 65812 0.28 0.13 0.08 2127716 6995536 3348 46860632 63822216 169803084 5736 5 85 5 0 1 1 1 1 1 00000051 00000000 00000002 0000001b 00000000 00000000 0000005c 00000000
1346043348 17254.55 68621.04 0.00 0.47 0.07 0.19 0.01 0.00 0.00 99.08 7913500 7847564 65936 0.18 0.12 0.07 2127728 6995524 3348 46860632 63822216 169803084 5736 5 85 5 0 1 1 1 1 1 00000051 00000000 00000002 0000001b 00000000 00000000 0000005c 00000000
1346043368 17274.70 68700.90 0.00 0.47 0.07 0.19 0.01 0.00 0.00 99.08 7913500 7847424 66076 0.13 0.11 0.07 2127748 6995504 3348 46860632 63822216 169803084 5736 5 85 5 0 1 1 1 1 1 00000051 00000000 00000002 0000001b 00000000 00000000 0000005c 00000000
1346043388 17294.84 68781.07 0.00 0.47 0.07 0.19 0.01 0.00 0.00 99.08 7913500 7847556 65944 0.09 0.10 0.07 2127764 6995488 3348 46860632 63822216 169803084 5736 5 85 5 0 1 1 1 1 1 00000051 00000000 00000002 0000001b 00000000 00000000 0000005c 00000000
1346043408 17314.98 68861.23 0.00 0.47 0.07 0.19 0.01 0.00 0.00 99.08 7913500 7847316 66184 0.06 0.09 0.07 2127780 6995472 3348 46860632 63822216 169803084 5736 5 85 5 0 1 1 1 1 1 00000051 00000000 00000002 0000001b 00000000 00000000 0000005c 00000000
1346043428 17335.12 68941.62 0.00 0.47 0.07 0.19 0.01 0.00 0.00 99.08 7913500 7847292 66208 0.05 0.09 0.07 2127796 6995456 3348 46860632 63822216 169803084 5736 5 85 5 0 1 1 1 1 1 00000051 00000000 00000002 0000001b 00000000 00000000 0000005c 00000000
1346043448 17355.26 69021.95 0.00 0.47 0.07 0.19 0.01 0.00 0.00 99.08 7913500 7847416 66084 0.03 0.08 0.06 2127808 6995444 3348 46860632 63822216 169803084 5736 5 85 5 0 1 1 1 1 1 00000051 00000000 00000002 0000001b 00000000 00000000 0000005c 00000000
1346043469 17375.40 69102.26 0.00 0.47 0.07 0.19 0.01 0.00 0.00 99.08 7913500 7847300 66200 0.02 0.08 0.06 2127824 6995428 3364 46860616 63822216 169803084 5736 5 85 5 0 1 1 1 1 1 00000051 00000000 00000002 0000001b 00000000 00000000 0000005c 00000000
1346043489 17395.54 69182.39 0.00 0.47 0.07 0.19 0.01 0.00 0.00 99.08 7913500 7847680 65820 0.02 0.07 0.06 2127840 6995412 3372 46860608 63822216 169803084 5736 5 85 5 0 1 1 1 1 1 00000051 00000000 00000002 0000001b 00000000 00000000 0000005c 00000000
1346043509 17415.67 69262.69 0.00 0.47 0.07 0.19 0.01 0.00 0.00 99.08 7913500 7847804 65696 0.01 0.06 0.06 2127856 6995396 3388 46860592 63822216 169803084 5736 5 85 5 0 1 1 1 1 1 00000051 00000000 00000002 0000001b 00000000 00000000 0000005c 00000000
1346043529 17435.81 69342.93 0.00 0.47 0.07 0.19 0.01 0.00 0.00 99.08 7913500 7847764 65736 0.01 0.06 0.06 2127872 6995380 3392 46860588 63822216 169803084 5736 5 85 5 0 1 1 1 1 1 00000051 00000000 00000002 0000001b 00000000 00000000 0000005c 00000000
1346043549 17455.95 69423.51 0.00 0.47 0.07 0.19 0.01 0.00 0.00 99.08 7913500 7847548 65952 0.00 0.05 0.06 2127888 6995364 3392 46860588 63822216 169803084 5736 5 85 5 0 1 1 1 1 1 00000051 00000000 00000002 0000001b 00000000 00000000 0000005c 00000000
1346043569 17476.09 69503.47 0.00 0.47 0.07 0.19 0.01 0.00 0.00 99.08 7913500 7847672 65828 0.00 0.05 0.05 2127904 6995348 3392 46860588 63822216 169803084 5736 5 85 5 0 1 1 1 1 1 00000051 00000000 00000002 0000001b 00000000 00000000 0000005c 00000000
1346043589 17496.23 69583.54 0.00 0.47 0.07 0.19 0.01 0.00 0.00 99.08 7913500 7847788 65712 0.00 0.05 0.05 2127920 6995332 3392 46860588 63822216 169803084 5736 5 85 5 0 1 1 1 1 1 00000051 00000000 00000002 0000001b 00000000 00000000 0000005c 00000000
1346043610 17516.37 69663.54 0.00 0.47 0.07 0.19 0.01 0.00 0.00 99.08 7913500 7847812 65688 0.00 0.04 0.05 2127936 6995316 3392 46860588 63822216 169803084 5736 5 85 5 0 1 1 1 1 1 00000051 00000000 00000002 0000001b 00000000 00000000 0000005c 00000000
1346043630 17536.51 69743.68 0.00 0.47 0.07 0.19 0.01 0.00 0.00 99.08 7913500 7847664 65836 0.00 0.04 0.05 2127948 6995304 3392 46860588 63822216 169803084 5736 5 85 5 0 1 1 1 1 1 00000051 00000000 00000002 0000001b 00000000 00000000 0000005c 00000000
1346043650 17556.65 69823.87 0.00 0.47 0.07 0.19 0.01 0.00 0.00 99.08 7913500 7847804 65696 0.00 0.03 0.05 2127964 6995288 3392 46860588 63822216 169803084 5736 5 85 5 0 1 1 1 1 1 00000051 00000000 00000002 0000001b 00000000 00000000 0000005c 00000000
1346043670 17576.79 69904.24 0.00 0.47 0.07 0.19 0.01 0.00 0.00 99.08 7913500 7847928 65572 0.00 0.03 0.04 2127980 6995272 3392 46860588 63822216 169803084 5736 5 85 5 0 1 1 1 1 1 00000051 00000000 00000002 0000001b 00000000 00000000 0000005c 00000000
1346043690 17596.93 69984.36 0.00 0.47 0.07 0.19 0.01 0.00 0.00 99.08 7913500 7848052 65448 0.00 0.03 0.04 2127996 6995256 3392 46860588 63822216 169803084 5736 5 85 5 0 1 1 1 1 1 00000051 00000000 00000002 0000001b 00000000 00000000 0000005c 00000000
1346043710 17617.07 70064.59 0.00 0.47 0.07 0.19 0.01 0.00 0.00 99.08 7913500 7847556 65944 0.00 0.03 0.04 2128012 6995240 3416 46860564 63822216 169803084 5736 5 85 5 0 1 1 1 1 1 00000051 00000000 00000002 0000001b 00000000 00000000 0000005c 00000000
1346043730 17637.21 70144.82 0.00 0.47 0.07 0.19 0.01 0.00 0.00 99.08 7913500 7847688 65812 0.00 0.02 0.04 2128028 6995224 3416 46860564 63822216 169803084 5736 5 85 5 0 1 1 1 1 1 00000051 00000000 00000002 0000001b 00000000 00000000 0000005c 00000000
1346043751 17657.34 70224.90 0.00 0.47 0.07 0.19 0.01 0.00 0.00 99.08 7913500 7847920 65580 0.00 0.02 0.04 2128036 6995216 3432 46860548 63822216 169803084 5736 5 85 5 0 1 1 1 1 1 00000051 00000000 00000002 0000001b 00000000 00000000 0000005c 00000000
1346043771 17677.48 70305.74 0.00 0.47 0.07 0.19 0.01 0.00 0.00 99.08 7913500 7847664 65836 0.00 0.02 0.03 2128060 6995192 3432 46860548 63822216 169803084 5736 5 85 5 0 1 1 1 1 1 00000051 00000000 00000002 0000001b 00000000 00000000 0000005c 00000000
1346043791 17697.62 70385.89 0.00 0.47 0.07 0.19 0.01 0.00 0.00 99.08 7913500 7847680 65820 0.00 0.02 0.03 2128072 6995180 3432 46860548 63822216 169803084 5736 5 85 5 0 1 1 1 1 1 00000051 00000000 00000002 0000001b 00000000 00000000 0000005c 00000000
1346043811 17717.76 70466.05 0.00 0.47 0.07 0.19 0.01 0.00 0.00 99.08 7913500 7847796 65704 0.00 0.02 0.03 2128092 6995160 3432 46860548 63822216 169803084 5736 5 85 5 0 1 1 1 1 1 00000051 00000000 00000002 0000001b 00000000 00000000 0000005c 00000000
1346043831 17737.90 70547.02 0.00 0.47 0.07 0.19 0.01 0.00 0.00 99.08 7913500 7848044 65456 0.00 0.01 0.03 2128104 6995148 3432 46860548 63822216 169803084 5736 5 85 5 0 1 1 1 1 1 00000051 00000000 00000002 0000001b 00000000 00000000 0000005c 00000000
1346043851 17758.04 70627.08 0.00 0.47 0.07 0.19 0.01 0.00 0.00 99.08 7913500 7847920 65580 0.00 0.01 0.03 2128116 6995136 3432 46860548 63822216 169803084 5736 5 85 5 0 1 1 1 1 1 00000051 00000000 00000002 0000001b 00000000 00000000 0000005c 00000000
1346043871 17778.18 70707.49 0.00 0.47 0.07 0.19 0.01 0.00 0.00 99.08 7913500 7848168 65332 0.00 0.01 0.02 2128140 6995112 3436 46860544 63822216 169803084 5736 5 85 5 0 1 1 1 1 1 00000051 00000000 00000002 0000001b 00000000 00000000 0000005c 00000000
1346043892 17798.32 70787.67 0.00 0.47 0.07 0.19 0.01 0.00 0.00 99.08 7913500 7848028 65472 0.00 0.01 0.02 2128148 6995104 3436 46860544 63822216 169803084 5736 5 85 5 0 1 1 1 1 1 00000051 00000000 00000002 0000001b 00000000 00000000 0000005c 00000000
1346043912 17818.46 70868.05 0.00 0.47 0.07 0.19 0.01 0.00 0.00 99.08 7913500 7848184 65316 0.00 0.01 0.02 2128168 6995084 3436 46860544 63822216 169803084 5736 5 85 5 0 1 1 1 1 1 00000051 00000000 00000002 0000001b 00000000 00000000 0000005c 00000000
1346043932 17838.60 70948.24 0.00 0.47 0.07 0.19 0.01 0.00 0.00 99.08 7913500 7848052 65448 0.00 0.00 0.02 2128180 6995072 3444 46860536 63822216 169803084 5736 5 85 5 0 1 1 1 1 1 00000051 00000000 00000002 0000001b 00000000 00000000 0000005c 00000000
1346043952 17858.73 71028.51 0.00 0.47 0.07 0.19 0.01 0.00 0.00 99.08 7913500 7847804 65696 0.35 0.08 0.04 2128196 6995056 3460 46860520 63822216 169803084 5736 5 85 5 0 1 1 1 1 1 00000051 00000000 00000002 0000001b 00000000 00000000 0000005c 00000000
1346043972 17878.88 71109.10 0.00 0.47 0.07 0.19 0.01 0.00 0.00 99.09 7913500 7848176 65324 0.31 0.09 0.05 2128208 6995044 3468 46860512 63822216 169803084 5736 5 85 5 0 1 1 1 1 1 00000051 00000000 00000002 0000001b 00000000 00000000 0000005c 00000000
1346043992 17899.02 71189.47 0.00 0.47 0.07 0.19 0.01 0.00 0.00 99.09 7913500 7848308 65192 0.22 0.09 0.04 2128228 6995024 3476 46860504 63822216 169803084 5736 5 85 5 0 1 1 1 1 1 00000051 00000000 00000002 0000001b 00000000 00000000 0000005c 00000000
1346044012 17919.16 71269.61 0.00 0.47 0.07 0.19 0.01 0.00 0.00 99.09 7913500 7844620 68880 0.16 0.08 0.04 2128248 6995004 3476 46860504 64089000 169536300 5760 5 85 5 0 1 1 1 1 1 00000053 00000001 00000000 0000001b 00000019 00000000 0000005f 00000000
1346044033 17939.31 71345.11 0.00 0.47 0.07 0.19 0.01 0.00 0.00 99.08 7913500 7855380 58120 0.26 0.11 0.05 2128276 6994976 3476 46860504 66101004 167524296 5942 5 85 5 0 1 1 1 1 1 00000056 00000001 00000001 0000001c 00000006 00000000 00000062 00000000
1346044053 17959.47 71420.79 0.00 0.47 0.07 0.19 0.01 0.00 0.00 99.07 7913500 7692660 220840 0.32 0.13 0.06 2128316 6994936 3476 46860504 68268636 165356664 6136 5 85 5 0 1 1 1 1 1 00000057 00000000 00000001 0000001d 00000000 00000000 00000063 00000000
1346044073 17979.63 71496.04 0.00 0.48 0.07 0.19 0.01 0.00 0.00 99.06 7913500 7822832 90668 0.51 0.19 0.08 2128348 6994904 3476 46860504 70736396 162888904 6360 5 85 5 0 1 1 1 1 1 00000059 00000001 00000002 0000001d 00000070 00000000 00000065 00000000
1346044093 17999.81 71575.83 0.00 0.48 0.08 0.19 0.01 0.00 0.00 99.06 7913500 7843916 69584 0.43 0.19 0.08 2128372 6994880 3476 46860504 70892020 162733280 6372 5 85 5 0 1 1 1 1 1 0000005a 00000000 00000002 0000001e 00000000 00000000 00000066 00000000
1346044113 18019.96 71656.58 0.00 0.48 0.08 0.19 0.01 0.00 0.00 99.06 7913500 7844172 69328 0.31 0.18 0.08 2128380 6994872 3476 46860504 70892020 162733280 6372 5 85 5 0 1 1 1 1 1 0000005a 00000000 00000002 0000001e 00000000 00000000 00000066 00000000
1346044133 18040.11 71737.16 0.00 0.48 0.08 0.19 0.01 0.00 0.00 99.06 7913500 7844148 69352 0.22 0.16 0.08 2128400 6994852 3476 46860504 70892020 162733280 6372 5 85 5 0 1 1 1 1 1 0000005a 00000000 00000002 0000001e 00000000 00000000 00000066 00000000
1346044153 18060.25 71816.91 0.00 0.48 0.08 0.19 0.01 0.00 0.00 99.06 7913500 7844040 69460 0.16 0.15 0.08 2128416 6994836 3476 46860504 70892020 162733280 6372 5 85 5 0 1 1 1 1 1 0000005a 00000000 00000002 0000001e 00000000 00000000 00000066 00000000
1346044174 18080.40 71897.61 0.00 0.48 0.08 0.19 0.01 0.00 0.00 99.06 7913500 7843660 69840 0.11 0.14 0.08 2128432 6994820 3500 46860480 70892020 162733280 6372 5 85 5 0 1 1 1 1 1 0000005a 00000000 00000002 0000001e 00000000 00000000 00000066 00000000
1346044194 18100.54 71978.35 0.00 0.48 0.07 0.19 0.01 0.00 0.00 99.06 7913500 7844164 69336 0.08 0.13 0.07 2128448 6994804 3504 46860476 70892020 162733280 6372 5 85 5 0 1 1 1 1 1 0000005a 00000000 00000002 0000001e 00000000 00000000 00000066 00000000
