1346058728 32634.99 129851.17 0.00 0.48 0.07 0.18 0.01 0.00 0.00 99.07 7913500 7797496 116004 0.00 0.04 0.06 2139648 6983604 6292 46857688 120336200 113289100 10820 10 160 5 0 1 1 1 1 1 00000099 00000000 00000002 00000033 00000000 00000000 000000ac 00000000
1346058748 32655.15 129932.12 0.00 0.48 0.07 0.18 0.01 0.00 0.00 99.07 7913500 7797580 115920 0.00 0.03 0.05 2139652 6983600 6296 46857684 120336200 113289100 10820 10 160 5 0 1 1 1 1 1 00000099 00000000 00000002 00000033 00000000 00000000 000000ac 00000000
1346058769 32675.33 130012.21 0.00 0.48 0.07 0.18 0.01 0.00 0.00 99.07 7913500 7797580 115920 0.12 0.06 0.06 2139668 6983584 6296 46857684 120336200 113289100 10820 10 160 5 0 1 1 1 1 1 00000099 00000000 00000002 00000033 00000000 00000000 000000ac 00000000
1346058789 32695.50 130093.28 0.00 0.48 0.07 0.18 0.01 0.00 0.00 99.07 7913500 7798116 115384 0.08 0.05 0.06 2139680 6983572 6296 46857684 120336200 113289100 10820 10 160 5 0 1 1 1 1 1 00000099 00000000 00000002 00000033 00000000 00000000 000000ac 00000000
1346058809 32715.68 130173.94 0.00 0.48 0.07 0.18 0.01 0.00 0.00 99.07 7913500 7797992 115508 0.06 0.05 0.06 2139692 6983560 6296 46857684 120336200 113289100 10820 10 160 5 0 1 1 1 1 1 00000099 00000000 00000002 00000033 00000000 00000000 000000ac 00000000
1346058829 32735.85 130254.57 0.00 0.48 0.07 0.18 0.01 0.00 0.00 99.07 7913500 7797736 115764 0.04 0.05 0.06 2139708 6983544 6320 46857660 120336200 113289100 10820 10 160 5 0 1 1 1 1 1 00000099 00000000 00000002 00000033 00000000 00000000 000000ac 00000000
1346058849 32756.02 130335.72 0.00 0.48 0.07 0.18 0.01 0.00 0.00 99.07 7913500 7797852 115648 0.03 0.04 0.05 2139720 6983532 6320 46857660 120336200 113289100 10820 10 160 5 0 1 1 1 1 1 00000099 00000000 00000002 00000033 00000000 00000000 000000ac 00000000
1346058869 32776.19 130415.95 0.00 0.48 0.07 0.18 0.01 0.00 0.00 99.07 7913500 7797852 115648 0.02 0.04 0.05 2139732 6983520 6320 46857660 120336200 113289100 10820 10 160 5 0 1 1 1 1 1 00000099 00000000 00000002 00000033 00000000 00000000 000000ac 00000000
1346058890 32796.37 130496.28 0.00 0.48 0.07 0.18 0.01 0.00 0.00 99.07 7913500 7797736 115764 0.09 0.05 0.06 2139744 6983508 6320 46857660 120336200 113289100 10820 10 160 5 0 1 1 1 1 1 00000099 00000000 00000002 00000033 00000000 00000000 000000ac 00000000
1346058910 32816.54 130576.68 0.00 0.48 0.07 0.18 0.01 0.00 0.00 99.07 7913500 7798124 115376 0.06 0.05 0.05 2139752 6983500 6328 46857652 120336200 113289100 10820 10 160 5 0 1 1 1 1 1 00000099 00000000 00000002 00000033 00000000 00000000 000000ac 00000000
1346058930 32836.71 130657.14 0.00 0.48 0.07 0.18 0.01 0.00 0.00 99.07 7913500 7798248 115252 0.04 0.04 0.05 2139772 6983480 6336 46857644 120336200 113289100 10820 10 160 5 0 1 1 1 1 1 00000099 00000000 00000002 00000033 00000000 00000000 000000ac 00000000
1346058950 32856.89 130737.49 0.00 0.48 0.07 0.18 0.01 0.00 0.00 99.07 7913500 7797876 115624 0.03 0.04 0.05 2139784 6983468 6336 46857644 120336200 113289100 10820 10 160 5 0 1 1 1 1 1 00000099 00000000 00000002 00000033 00000000 00000000 000000ac 00000000
1346058970 32877.06 130817.71 0.00 0.48 0.07 0.18 0.01 0.00 0.00 99.07 7913500 7797860 115640 0.02 0.04 0.05 2139792 6983460 6336 46857644 120336200 113289100 10820 10 160 5 0 1 1 1 1 1 00000099 00000000 00000002 00000033 00000000 00000000 000000ac 00000000
1346058990 32897.23 130898.87 0.00 0.48 0.07 0.18 0.01 0.00 0.00 99.07 7913500 7797860 115640 0.01 0.03 0.05 2139812 6983440 6336 46857644 120336200 113289100 10820 10 160 5 0 1 1 1 1 1 00000099 00000000 00000002 00000033 00000000 00000000 000000ac 00000000
1346059011 32917.41 130979.23 0.00 0.48 0.07 0.18 0.01 0.00 0.00 99.07 7913500 7798116 115384 0.01 0.03 0.04 2139820 6983432 6336 46857644 120336200 113289100 10820 10 160 5 0 1 1 1 1 1 00000099 00000000 00000002 00000033 00000000 00000000 000000ac 00000000
1346059031 32937.58 131060.41 0.00 0.48 0.07 0.18 0.01 0.00 0.00 99.07 7913500 7798248 115252 0.01 0.03 0.04 2139832 6983420 6336 46857644 120336200 113289100 10820 10 160 5 0 1 1 1 1 1 00000099 00000000 00000002 00000033 00000000 00000000 000000ac 00000000
1346059051 32957.75 131140.44 0.00 0.48 0.07 0.18 0.01 0.00 0.00 99.07 7913500 7798248 115252 0.22 0.07 0.06 2139844 6983408 6348 46857632 120336200 113289100 10820 10 160 5 0 1 1 1 1 1 00000099 00000000 00000002 00000033 00000000 00000000 000000ac 00000000
1346059071 32977.92 131220.81 0.00 0.48 0.07 0.18 0.01 0.00 0.00 99.07 7913500 7798372 115128 0.29 0.10 0.07 2139856 6983396 6364 46857616 120336200 113289100 10820 10 160 5 0 1 1 1 1 1 00000099 00000000 00000002 00000033 00000000 00000000 000000ac 00000000
1346059091 32998.09 131301.14 0.00 0.48 0.07 0.18 0.01 0.00 0.00 99.07 7913500 7797868 115632 0.21 0.09 0.06 2139872 6983380 6364 46857616 120336200 113289100 10820 10 160 5 0 1 1 1 1 1 00000099 00000000 00000002 00000033 00000000 00000000 000000ac 00000000
1346059112 33018.27 131381.50 0.00 0.48 0.07 0.18 0.01 0.00 0.00 99.08 7913500 7798240 115260 0.15 0.08 0.06 2139884 6983368 6364 46857616 120336200 113289100 10820 10 160 5 0 1 1 1 1 1 00000099 00000000 00000002 00000033 00000000 00000000 000000ac 00000000
1346059132 33038.44 131462.08 0.00 0.48 0.07 0.18 0.01 0.00 0.00 99.08 7913500 7798100 115400 0.10 0.08 0.06 2139900 6983352 6364 46857616 120336200 113289100 10820 10 160 5 0 1 1 1 1 1 00000099 00000000 00000002 00000033 00000000 00000000 000000ac 00000000
1346059152 33058.61 131541.90 0.00 0.48 0.07 0.18 0.01 0.00 0.00 99.08 7913500 7798108 115392 0.07 0.07 0.06 2139912 6983340 6380 46857600 120336200 113289100 10820 10 160 5 0 1 1 1 1 1 00000099 00000000 00000002 00000033 00000000 00000000 000000ac 00000000
1346059172 33078.79 131622.08 0.00 0.48 0.07 0.18 0.01 0.00 0.00 99.08 7913500 7798116 115384 0.05 0.07 0.06 2139924 6983328 6380 46857600 120336200 113289100 10820 10 160 5 0 1 1 1 1 1 00000099 00000000 00000002 00000033 00000000 00000000 000000ac 00000000
1346059192 33098.96 131702.75 0.00 0.48 0.07 0.18 0.01 0.00 0.00 99.08 7913500 7798232 115268 0.04 0.06 0.05 2139936 6983316 6380 46857600 120336200 113289100 10820 10 160 5 0 1 1 1 1 1 00000099 00000000 00000002 00000033 00000000 00000000 000000ac 00000000
1346059212 33119.13 131782.82 0.00 0.48 0.07 0.18 0.01 0.00 0.00 99.08 7913500 7797992 115508 0.02 0.06 0.05 2139948 6983304 6380 46857600 120336200 113289100 10820 10 160 5 0 1 1 1 1 1 00000099 00000000 00000002 00000033 00000000 00000000 000000ac 00000000
1346059233 33139.31 131863.21 0.00 0.48 0.07 0.18 0.01 0.00 0.00 99.08 7913500 7798248 115252 0.02 0.05 0.05 2139960 6983292 6380 46857600 120336200 113289100 10820 10 160 5 0 1 1 1 1 1 00000099 00000000 00000002 00000033 00000000 00000000 000000ac 00000000
1346059253 33159.48 131943.35 0.00 0.48 0.07 0.18 0.01 0.00 0.00 99.08 7913500 7798232 115268 0.01 0.05 0.05 2139972 6983280 6380 46857600 120336200 113289100 10820 10 160 5 0 1 1 1 1 1 00000099 00000000 00000002 00000033 00000000 00000000 000000ac 00000000
1346059273 33179.65 132023.48 0.00 0.48 0.07 0.18 0.01 0.00 0.00 99.08 7913500 7798108 115392 0.01 0.04 0.05 2139984 6983268 6380 46857600 120336200 113289100 10820 10 160 5 0 1 1 1 1 1 00000099 00000000 00000002 00000033 00000000 00000000 000000ac 00000000
1346059293 33199.83 132103.80 0.00 0.48 0.07 0.18 0.01 0.00 0.00 99.08 7913500 7798356 115144 0.00 0.04 0.04 2140000 6983252 6404 46857576 120336200 113289100 10820 10 160 5 0 1 1 1 1 1 00000099 00000000 00000002 00000033 00000000 00000000 000000ac 00000000
1346059313 33220.00 132184.27 0.00 0.48 0.07 0.18 0.01 0.00 0.00 99.08 7913500 7798240 115260 0.00 0.04 0.04 2140008 6983244 6404 46857576 120336200 113289100 10820 10 160 5 0 1 1 1 1 1 00000099 00000000 00000002 00000033 00000000 00000000 000000ac 00000000
1346059333 33240.17 132264.97 0.00 0.48 0.07 0.18 0.01 0.00 0.00 99.08 7913500 7798232 115268 0.00 0.03 0.04 2140028 6983224 6404 46857576 120336200 113289100 10820 10 160 5 0 1 1 1 1 1 00000099 00000000 00000002 00000033 00000000 00000000 000000ac 00000000
1346059354 33260.35 132345.35 0.00 0.48 0.07 0.18 0.01 0.00 0.00 99.08 7913500 7797992 115508 0.00 0.03 0.04 2140036 6983216 6404 46857576 120336200 113289100 10820 10 160 5 0 1 1 1 1 1 00000099 00000000 00000002 00000033 00000000 00000000 000000ac 00000000
1346059374 33280.52 132426.28 0.00 0.48 0.07 0.18 0.01 0.00 0.00 99.08 7913500 7798464 115036 0.00 0.03 0.04 2140052 6983200 6424 46857556 120336200 113289100 10820 10 162 5 0 1 1 1 1 1 00000099 00000000 00000002 00000033 00000000 00000000 000000ac 00000000
1346059394 33300.70 132506.62 0.00 0.48 0.07 0.18 0.01 0.00 0.00 99.08 7913500 7798364 115136 0.00 0.03 0.03 2140068 6983184 6436 46857544 120336200 113289100 10820 10 163 5 0 1 1 1 1 1 00000099 00000000 00000002 00000033 00000000 00000000 000000ac 00000000
1346059414 33320.87 132587.14 0.00 0.48 0.07 0.18 0.01 0.00 0.00 99.08 7913500 7798488 115012 0.00 0.02 0.03 2140076 6983176 6436 46857544 120336200 113289100 10820 10 163 5 0 1 1 1 1 1 00000099 00000000 00000002 00000033 00000000 00000000 000000ac 00000000
1346059434 33341.05 132668.22 0.00 0.48 0.07 0.18 0.01 0.00 0.00 99.08 7913500 7798348 115152 0.00 0.02 0.03 2140100 6983152 6436 46857544 120336200 113289100 10820 10 163 5 0 1 1 1 1 1 00000099 00000000 00000002 00000033 00000000 00000000 000000ac 00000000
1346059454 33361.22 132748.46 0.00 0.48 0.07 0.18 0.01 0.00 0.00 99.08 7913500 7798348 115152 0.00 0.02 0.03 2140112 6983140 6436 46857544 120336200 113289100 10820 10 163 5 0 1 1 1 1 1 00000099 00000000 00000002 00000033 00000000 00000000 000000ac 00000000
1346059475 33381.40 132829.13 0.00 0.48 0.07 0.18 0.01 0.00 0.00 99.08 7913500 7798612 114888 0.00 0.02 0.03 2140128 6983124 6444 46857536 120336200 113289100 10820 10 165 5 0 1 1 1 1 1 00000099 00000000 00000002 00000033 00000000 00000000 000000ac 00000000
1346059495 33401.57 132908.96 0.00 0.48 0.07 0.18 0.01 0.00 0.00 99.08 7913500 7798240 115260 0.15 0.05 0.04 2140140 6983112 6444 46857536 120336200 113289100 10820 10 165 5 0 1 1 1 1 1 00000099 00000000 00000002 00000033 00000000 00000000 000000ac 00000000
1346059515 33421.74 132990.56 0.00 0.48 0.07 0.18 0.01 0.00 0.00 99.08 7913500 7798612 114888 0.24 0.08 0.04 2140148 6983104 6444 46857536 120336200 113289100 10820 10 165 5 0 1 1 1 1 1 00000099 00000000 00000002 00000033 00000000 00000000 000000ac 00000000
1346059535 33441.91 133070.91 0.00 0.48 0.07 0.18 0.01 0.00 0.00 99.08 7913500 7798620 114880 0.21 0.08 0.05 2140164 6983088 6444 46857536 120336200 113289100 10820 10 165 5 0 1 1 1 1 1 00000099 00000000 00000002 00000033 00000000 00000000 000000ac 00000000
1346059555 33462.09 133151.23 0.00 0.48 0.07 0.18 0.01 0.00 0.00 99.08 7913500 7798372 115128 0.15 0.08 0.04 2140176 6983076 6444 46857536 120336200 113289100 10820 10 165 5 0 1 1 1 1 1 00000099 00000000 00000002 00000033 00000000 00000000 000000ac 00000000
1346059575 33482.26 133231.89 0.00 0.48 0.07 0.18 0.01 0.00 0.00 99.08 7913500 7798364 115136 0.11 0.07 0.04 2140192 6983060 6444 46857536 120336200 113289100 10820 10 165 5 0 1 1 1 1 1 00000099 00000000 00000002 00000033 00000000 00000000 000000ac 00000000
1346059596 33502.44 133312.18 0.00 0.48 0.07 0.18 0.01 0.00 0.00 99.08 7913500 7798736 114764 0.08 0.07 0.04 2140204 6983048 6460 46857520 120336200 113289100 10820 10 165 5 0 1 1 1 1 1 00000099 00000000 00000002 00000033 00000000 00000000 000000ac 00000000
1346059616 33522.61 133393.50 0.00 0.48 0.07 0.18 0.01 0.00 0.00 99.08 7913500 7798480 115020 0.05 0.06 0.04 2140216 6983036 6468 46857512 120336200 113289100 10820 10 165 5 0 1 1 1 1 1 00000099 00000000 00000002 00000033 00000000 00000000 000000ac 00000000
1346059636 33542.78 133474.13 0.00 0.48 0.07 0.18 0.01 0.00 0.00 99.08 7913500 7798752 114748 0.04 0.06 0.04 2140228 6983024 6468 46857512 120336200 113289100 10820 10 165 5 0 1 1 1 1 1 00000099 00000000 00000002 00000033 00000000 00000000 000000ac 00000000
1346059656 33562.96 133554.71 0.00 0.48 0.07 0.18 0.01 0.00 0.00 99.08 7913500 7798520 114980 0.03 0.05 0.04 2140240 6983012 6468 46857512 120336200 113289100 10820 10 165 5 0 1 1 1 1 1 00000099 00000000 00000002 00000033 00000000 00000000 000000ac 00000000
1346059676 33583.13 133635.14 0.00 0.48 0.07 0.18 0.01 0.00 0.00 99.08 7913500 7798712 114788 0.02 0.05 0.03 2140252 6983000 6468 46857512 120336200 113289100 10820 10 165 5 0 1 1 1 1 1 00000099 00000000 00000002 00000033 00000000 00000000 000000ac 00000000
1346059697 33603.31 133715.46 0.00 0.48 0.07 0.18 0.01 0.00 0.00 99.08 7913500 7798488 115012 0.01 0.04 0.03 2140264 6982988 6480 46857500 120336200 113289100 10820 10 165 5 0 1 1 1 1 1 00000099 00000000 00000002 00000033 00000000 00000000 000000ac 00000000
1346059717 33623.48 133796.74 0.00 0.48 0.07 0.18 0.01 0.00 0.00 99.08 7913500 7798984 114516 0.01 0.04 0.03 2140280 6982972 6488 46857492 120336200 113289100 10820 10 165 5 0 1 1 1 1 1 00000099 00000000 00000002 00000033 00000000 00000000 000000ac 00000000
1346059737 33643.66 133877.19 0.00 0.48 0.07 0.18 0.01 0.00 0.00 99.08 7913500 7798488 115012 0.16 0.07 0.04 2140292 6982960 6488 46857492 120336200 113289100 10820 10 165 5 0 1 1 1 1 1 00000099 00000000 00000002 00000033 00000000 00000000 000000ac 00000000
1346059757 33663.83 133958.23 0.00 0.48 0.07 0.18 0.01 0.00 0.00 99.08 7913500 7798596 114904 0.12 0.06 0.04 2140304 6982948 6488 46857492 120336200 113289100 10820 10 165 5 0 1 1 1 1 1 00000099 00000000 00000002 00000033 00000000 00000000 000000ac 00000000
1346059777 33684.00 134038.37 0.00 0.48 0.07 0.18 0.01 0.00 0.00 99.08 7913500 7798612 114888 0.08 0.06 0.03 2140320 6982932 6488 46857492 120336200 113289100 10820 10 165 5 0 1 1 1 1 1 00000099 00000000 00000002 00000033 00000000 00000000 000000ac 00000000
1346059797 33704.17 134118.44 0.00 0.48 0.07 0.18 0.01 0.00 0.00 99.08 7913500 7798604 114896 0.06 0.05 0.03 2140328 6982924 6488 46857492 120336200 113289100 10820 10 165 5 0 1 1 1 1 1 00000099 00000000 00000002 00000033 00000000 00000000 000000ac 00000000
1346059818 33724.34 134198.72 0.00 0.48 0.07 0.18 0.01 0.00 0.00 99.08 7913500 7798620 114880 0.04 0.05 0.03 2140336 6982916 6488 46857492 120336200 113289100 10820 10 165 5 0 1 1 1 1 1 00000099 00000000 00000002 00000033 00000000 00000000 000000ac 00000000
1346059838 33744.52 134279.06 0.00 0.48 0.07 0.18 0.01 0.00 0.00 99.08 7913500 7798736 114764 0.03 0.05 0.03 2140356 6982896 6512 46857468 120336200 113289100 10820 10 165 5 0 1 1 1 1 1 00000099 00000000 00000002 00000033 00000000 00000000 000000ac 00000000
1346059858 33764.69 134359.43 0.00 0.48 0.07 0.18 0.01 0.00 0.00 99.08 7913500 7798900 114600 0.02 0.04 0.03 2140364 6982888 6512 46857468 120336200 113289100 10820 10 165 5 0 1 1 1 1 1 00000099 00000000 00000002 00000033 00000000 00000000 000000ac 00000000
1346059878 33784.87 134439.64 0.00 0.48 0.07 0.18 0.01 0.00 0.00 99.08 7913500 7798728 114772 0.01 0.04 0.02 2140384 6982868 6512 46857468 120336200 113289100 10820 10 165 5 0 1 1 1 1 1 00000099 00000000 00000002 00000033 00000000 00000000 000000ac 00000000
1346059898 33805.04 134520.48 0.00 0.48 0.07 0.18 0.01 0.00 0.00 99.08 7913500 7809748 103752 0.01 0.03 0.02 2140392 6982860 6512 46857468 120347316 113277984 10822 10 165 5 0 1 1 1 1 1 0000009b 00000001 00000000 00000033 00000002 00000000 000000af 00000000
1346059918 33825.23 134596.36 0.00 0.48 0.07 0.18 0.01 0.00 0.00 99.07 7913500 7809372 104128 0.35 0.11 0.05 2140424 6982828 6520 46857460 122559408 111065892 11020 10 165 5 0 1 1 1 1 1 0000009c 00000000 00000000 00000034 00000000 00000000 000000b0 00000000
1346059939 33845.43 134671.98 0.00 0.48 0.07 0.18 0.01 0.00 0.00 99.07 7913500 7668064 245436 0.59 0.18 0.07 2140456 6982796 6528 46857452 124615876 109009424 11206 10 165 5 0 1 1 1 1 1 0000009e 00000001 00000001 00000034 000000ba 00000000 000000b2 00000000
1346059959 33865.66 134747.30 0.00 0.49 0.07 0.18 0.01 0.00 0.00 99.07 7913500 7856764 56736 0.72 0.24 0.09 2140488 6982764 6528 46857452 126983596 106641704 11418 10 165 5 0 1 1 1 1 1 000000a1 00000001 00000002 00000035 00000063 00000000 000000b5 00000000
1346059979 33885.86 134826.95 0.00 0.49 0.07 0.18 0.01 0.00 0.00 99.07 7913500 7844440 69060 0.51 0.22 0.09 2140504 6982748 6528 46857452 127406004 106219296 11456 10 165 5 0 1 1 1 1 1 000000a2 00000000 00000002 00000036 00000000 00000000 000000b6 00000000
1346059999 33906.05 134907.56 0.00 0.49 0.07 0.18 0.01 0.00 0.00 99.07 7913500 7845080 68420 0.43 0.22 0.09 2140520 6982732 6528 46857452 127406004 106219296 11456 10 165 5 0 1 1 1 1 1 000000a2 00000000 00000002 00000036 00000000 00000000 000000b6 00000000
1346060019 33926.23 134988.03 0.00 0.49 0.07 0.18 0.01 0.00 0.00 99.07 7913500 7845032 68468 0.31 0.21 0.09 2140532 6982720 6532 46857448 127406004 106219296 11456 10 165 5 0 1 1 1 1 1 000000a2 00000000 00000002 00000036 00000000 00000000 000000b6 00000000
1346060040 33946.41 135068.56 0.00 0.49 0.07 0.18 0.01 0.00 0.00 99.07 7913500 7845452 68048 0.22 0.19 0.09 2140544 6982708 6532 46857448 127406004 106219296 11456 10 165 5 0 1 1 1 1 1 000000a2 00000000 00000002 00000036 00000000 00000000 000000b6 00000000
1346060060 33966.60 135148.97 0.00 0.49 0.07 0.18 0.01 0.00 0.00 99.07 7913500 7845668 67832 0.16 0.18 0.09 2140556 6982696 6540 46857440 127406004 106219296 11456 10 165 5 0 1 1 1 1 1 000000a2 00000000 00000002 00000036 00000000 00000000 000000b6 00000000
1346060080 33986.78 135229.34 0.00 0.49 0.07 0.18 0.01 0.00 0.00 99.07 7913500 7845940 67560 0.11 0.17 0.08 2140564 6982688 6556 46857424 127406004 106219296 11456 10 165 5 0 1 1 1 1 1 000000a2 00000000 00000002 00000036 00000000 00000000 000000b6 00000000
1346060100 34006.96 135309.64 0.00 0.49 0.07 0.18 0.01 0.00 0.00 99.07 7913500 7845296 68204 0.08 0.15 0.08 2140580 6982672 6556 46857424 127406004 106219296 11456 10 165 5 0 1 1 1 1 1 000000a2 00000000 00000002 00000036 00000000 00000000 000000b6 00000000
1346060120 34027.14 135390.24 0.00 0.49 0.07 0.18 0.01 0.00 0.00 99.07 7913500 7846088 67412 0.19 0.17 0.09 2140596 6982656 6556 46857424 127406004 106219296 11456 10 165 5 0 1 1 1 1 1 000000a2 00000000 00000002 00000036 00000000 00000000 000000b6 00000000
1346060141 34047.31 135470.67 0.00 0.49 0.07 0.18 0.01 0.00 0.00 99.07 7913500 7846196 67304 0.13 0.16 0.09 2140608 6982644 6556 46857424 127406004 106219296 11456 10 165 5 0 1 1 1 1 1 000000a2 00000000 00000002 00000036 00000000 00000000 000000b6 00000000
1346060161 34067.49 135550.62 0.00 0.49 0.07 0.18 0.01 0.00 0.00 99.07 7913500 7846452 67048 0.09 0.15 0.09 2140624 6982628 6564 46857416 127406004 106219296 11456 10 165 5 0 1 1 1 1 1 000000a2 00000000 00000002 00000036 00000000 00000000 000000b6 00000000
1346060181 34087.67 135630.91 0.00 0.49 0.07 0.18 0.01 0.00 0.00 99.07 7913500 7846204 67296 0.07 0.14 0.08 2140632 6982620 6572 46857408 127406004 106219296 11456 10 165 5 0 1 1 1 1 1 000000a2 00000000 00000002 00000036 00000000 00000000 000000b6 00000000
1346060201 34107.85 135711.11 0.00 0.49 0.07 0.18 0.01 0.00 0.00 99.07 7913500 7845948 67552 0.05 0.13 0.08 2140648 6982604 6572 46857408 127406004 106219296 11456 10 165 5 0 1 1 1 1 1 000000a2 00000000 00000002 00000036 00000000 00000000 000000b6 00000000
1346060221 34128.03 135791.83 0.00 0.49 0.07 0.18 0.01 0.00 0.00 99.07 7913500 7845948 67552 0.11 0.14 0.09 2140660 6982592 6572 46857408 127406004 106219296 11456 10 165 5 0 1 1 1 1 1 000000a2 00000000 00000002 00000036 00000000 00000000 000000b6 00000000
1346060241 34148.21 135872.75 0.00 0.49 0.07 0.18 0.01 0.00 0.00 99.07 7913500 7846072 67428 0.21 0.16 0.09 2140672 6982580 6572 46857408 127406004 106219296 11456 10 165 5 0 1 1 1 1 1 000000a2 00000000 00000002 00000036 00000000 00000000 000000b6 00000000
1346060262 34168.39 135952.94 0.00 0.49 0.07 0.18 0.01 0.00 0.00 99.07 7913500 7845948 67552 0.19 0.16 0.09 2140680 6982572 6572 46857408 127406004 106219296 11456 10 165 5 0 1 1 1 1 1 000000a2 00000000 00000002 00000036 00000000 00000000 000000b6 00000000
1346060282 34188.56 136033.47 0.00 0.49 0.07 0.18 0.01 0.00 0.00 99.07 7913500 7846072 67428 0.22 0.17 0.10 2140696 6982556 6572 46857408 127406004 106219296 11456 10 165 5 0 1 1 1 1 1 000000a2 00000000 00000002 00000036 00000000 00000000 000000b6 00000000
1346060302 34208.75 136113.74 0.00 0.49 0.07 0.18 0.01 0.00 0.00 99.07 7913500 7846312 67188 0.16 0.15 0.09 2140708 6982544 6596 46857384 127406004 106219296 11456 10 165 5 0 1 1 1 1 1 000000a2 00000000 00000002 00000036 00000000 00000000 000000b6 00000000
1346060322 34228.93 136195.05 0.00 0.49 0.07 0.18 0.01 0.00 0.00 99.07 7913500 7846064 67436 0.11 0.14 0.09 2140720 6982532 6596 46857384 127406004 106219296 11456 10 165 5 0 1 1 1 1 1 000000a2 00000000 00000002 00000036 00000000 00000000 000000b6 00000000
1346060342 34249.11 136275.51 0.00 0.49 0.07 0.18 0.01 0.00 0.00 99.07 7913500 7846204 67296 0.08 0.13 0.09 2140740 6982512 6600 46857380 127406004 106219296 11456 10 165 5 0 1 1 1 1 1 000000a2 00000000 00000002 00000036 00000000 00000000 000000b6 00000000
1346060363 34269.29 136355.73 0.00 0.49 0.07 0.18 0.01 0.00 0.00 99.07 7913500 7846196 67304 0.06 0.12 0.09 2140748 6982504 6600 46857380 127406004 106219296 11456 10 165 5 0 1 1 1 1 1 000000a2 00000000 00000002 00000036 00000000 00000000 000000b6 00000000
1346060383 34289.47 136436.69 0.00 0.48 0.07 0.18 0.01 0.00 0.00 99.07 7913500 7846312 67188 0.04 0.11 0.08 2140760 6982492 6608 46857372 127406004 106219296 11456 10 165 5 0 1 1 1 1 1 000000a2 00000000 00000002 00000036 00000000 00000000 000000b6 00000000
1346060403 34309.65 136516.79 0.00 0.48 0.07 0.18 0.01 0.00 0.00 99.07 7913500 7846444 67056 0.03 0.11 0.08 2140772 6982480 6628 46857352 127406004 106219296 11456 10 168 5 0 1 1 1 1 1 000000a2 00000000 00000002 00000036 00000000 00000000 000000b6 00000000
1346060423 34329.83 136596.88 0.00 0.48 0.07 0.18 0.01 0.00 0.00 99.07 7913500 7846304 67196 0.30 0.16 0.10 2140784 6982468 6628 46857352 127406004 106219296 11456 10 168 5 0 1 1 1 1 1 000000a2 00000000 00000002 00000036 00000000 00000000 000000b6 00000000
1346060443 34350.01 136677.04 0.00 0.48 0.07 0.18 0.01 0.00 0.00 99.07 7913500 7846800 66700 0.35 0.18 0.11 2140800 6982452 6628 46857352 127406004 106219296 11456 10 168 5 0 1 1 1 1 1 000000a2 00000000 00000002 00000036 00000000 00000000 000000b6 00000000
1346060463 34370.19 136757.15 0.00 0.48 0.07 0.18 0.01 0.00 0.00 99.07 7913500 7846444 67056 0.33 0.19 0.11 2140812 6982440 6628 46857352 127406004 106219296 11456 10 168 5 0 1 1 1 1 1 000000a2 00000000 00000002 00000036 00000000 00000000 000000b6 00000000
1346060484 34390.36 136837.22 0.00 0.48 0.07 0.18 0.01 0.00 0.00 99.07 7913500 7846296 67204 0.23 0.17 0.10 2140820 6982432 6636 46857344 127406004 106219296 11456 10 170 5 0 1 1 1 1 1 000000a2 00000000 00000002 00000036 00000000 00000000 000000b6 00000000
1346060504 34410.54 136917.72 0.00 0.48 0.07 0.18 0.01 0.00 0.00 99.07 7913500 7846560 66940 0.17 0.16 0.10 2140844 6982408 6636 46857344 127406004 106219296 11456 10 170 5 0 1 1 1 1 1 000000a2 00000000 00000002 00000036 00000000 00000000 000000b6 00000000
1346060524 34430.72 136998.64 0.00 0.48 0.07 0.18 0.01 0.00 0.00 99.07 7913500 7846568 66932 0.12 0.15 0.10 2140856 6982396 6636 46857344 127406004 106219296 11456 10 170 5 0 1 1 1 1 1 000000a2 00000000 00000002 00000036 00000000 00000000 000000b6 00000000
1346060544 34450.90 137078.97 0.00 0.48 0.07 0.18 0.01 0.00 0.00 99.07 7913500 7846692 66808 0.08 0.14 0.09 2140872 6982380 6636 46857344 127406004 106219296 11456 10 170 5 0 1 1 1 1 1 000000a2 00000000 00000002 00000036 00000000 00000000 000000b6 00000000
1346060564 34471.09 137159.26 0.00 0.48 0.07 0.18 0.01 0.00 0.00 99.07 7913500 7846568 66932 0.06 0.13 0.09 2140892 6982360 6636 46857344 127406004 106219296 11456 10 170 5 0 1 1 1 1 1 000000a2 00000000 00000002 00000036 00000000 00000000 000000b6 00000000
1346060585 34491.27 137239.66 0.00 0.48 0.07 0.18 0.01 0.00 0.00 99.07 7913500 7846536 66964 0.04 0.12 0.09 2140900 6982352 6636 46857344 127406004 106219296 11456 10 170 5 0 1 1 1 1 1 000000a2 00000000 00000002 00000036 00000000 00000000 000000b6 00000000
1346060605 34511.44 137320.73 0.00 0.48 0.07 0.18 0.01 0.00 0.00 99.07 7913500 7846312 67188 0.03 0.11 0.09 2140920 6982332 6636 46857344 127406004 106219296 11456 10 170 5 0 1 1 1 1 1 000000a2 00000000 00000002 00000036 00000000 00000000 000000b6 00000000
1346060625 34531.62 137400.77 0.00 0.48 0.07 0.18 0.01 0.00 0.00 99.07 7913500 7846692 66808 0.02 0.10 0.08 2140932 6982320 6660 46857320 127406004 106219296 11456 10 170 5 0 1 1 1 1 1 000000a2 00000000 00000002 00000036 00000000 00000000 000000b6 00000000
1346060645 34551.81 137481.64 0.00 0.48 0.07 0.18 0.01 0.00 0.00 99.07 7913500 7846412 67088 0.01 0.10 0.08 2140952 6982300 6660 46857320 127406004 106219296 11456 10 170 5 0 1 1 1 1 1 000000a2 00000000 00000002 00000036 00000000 00000000 000000b6 00000000
1346060665 34571.99 137562.37 0.00 0.48 0.07 0.18 0.01 0.00 0.00 99.07 7913500 7846816 66684 0.01 0.09 0.08 2140964 6982288 6664 46857316 127406004 106219296 11456 10 170 5 0 1 1 1 1 1 000000a2 00000000 00000002 00000036 00000000 00000000 000000b6 00000000
1346060685 34592.16 137642.63 0.00 0.48 0.07 0.18 0.01 0.00 0.00 99.07 7913500 7846568 66932 0.01 0.08 0.08 2140980 6982272 6664 46857316 127406004 106219296 11456 10 170 5 0 1 1 1 1 1 000000a2 00000000 00000002 00000036 00000000 00000000 000000b6 00000000
1346060706 34612.34 137723.99 0.00 0.48 0.07 0.18 0.01 0.00 0.00 99.07 7913500 7846420 67080 0.00 0.08 0.08 2140996 6982256 6680 46857300 127406004 106219296 11456 10 170 5 0 1 1 1 1 1 000000a2 00000000 00000002 00000036 00000000 00000000 000000b6 00000000
1346060726 34632.52 137804.15 0.00 0.48 0.07 0.18 0.01 0.00 0.00 99.07 7913500 7846888 66612 0.00 0.07 0.07 2141012 6982240 6680 46857300 127406004 106219296 11456 10 170 5 0 1 1 1 1 1 000000a2 00000000 00000002 00000036 00000000 00000000 000000b6 00000000
1346060746 34652.70 137883.74 0.00 0.48 0.07 0.18 0.01 0.00 0.00 99.07 7913500 7846948 66552 0.00 0.06 0.07 2141032 6982220 6680 46857300 127406004 106219296 11456 10 170 5 0 1 1 1 1 1 000000a2 00000000 00000002 00000036 00000000 00000000 000000b6 00000000
1346060766 34672.87 137964.15 0.00 0.48 0.07 0.18 0.01 0.00 0.00 99.07 7913500 7846940 66560 0.00 0.06 0.07 2141040 6982212 6680 46857300 127406004 106219296 11456 10 170 5 0 1 1 1 1 1 000000a2 00000000 00000002 00000036 00000000 00000000 000000b6 00000000
1346060786 34693.05 138044.38 0.00 0.48 0.07 0.18 0.01 0.00 0.00 99.07 7913500 7846824 66676 0.00 0.05 0.07 2141060 6982192 6680 46857300 127406004 106219296 11456 10 170 5 0 1 1 1 1 1 000000a2 00000000 00000002 00000036 00000000 00000000 000000b6 00000000
1346060806 34713.23 138125.48 0.00 0.48 0.07 0.18 0.01 0.00 0.00 99.07 7913500 7846956 66544 0.00 0.05 0.07 2141072 6982180 6680 46857300 127406004 106219296 11456 10 170 5 0 1 1 1 1 1 000000a2 00000000 00000002 00000036 00000000 00000000 000000b6 00000000
1346060827 34733.41 138205.91 0.00 0.48 0.07 0.18 0.01 0.00 0.00 99.07 7913500 7846724 66776 0.00 0.05 0.06 2141088 6982164 6680 46857300 127406004 106219296 11456 10 170 5 0 1 1 1 1 1 000000a2 00000000 00000002 00000036 00000000 00000000 000000b6 00000000
1346060847 34753.59 138286.25 0.00 0.48 0.07 0.18 0.01 0.00 0.00 99.07 7913500 7846684 66816 0.00 0.04 0.06 2141108 6982144 6696 46857284 127406004 106219296 11456 10 170 5 0 1 1 1 1 1 000000a2 00000000 00000002 00000036 00000000 00000000 000000b6 00000000
1346060867 34773.77 138366.78 0.00 0.48 0.07 0.18 0.01 0.00 0.00 99.07 7913500 7846724 66776 0.00 0.04 0.06 2141120 6982132 6704 46857276 127406004 106219296 11456 10 170 5 0 1 1 1 1 1 000000a2 00000000 00000002 00000036 00000000 00000000 000000b6 00000000
1346060887 34793.95 138447.25 0.00 0.48 0.07 0.18 0.01 0.00 0.00 99.07 7913500 7846928 66572 0.00 0.04 0.06 2141132 6982120 6704 46857276 127406004 106219296 11456 10 170 5 0 1 1 1 1 1 000000a2 00000000 00000002 00000036 00000000 00000000 000000b6 00000000
1346060907 34814.13 138528.56 0.00 0.48 0.07 0.18 0.01 0.00 0.00 99.07 7913500 7846668 66832 0.00 0.03 0.06 2141152 6982100 6704 46857276 127406004 106219296 11456 10 170 5 0 1 1 1 1 1 000000a2 00000000 00000002 00000036 00000000 00000000 000000b6 00000000
1346060928 34834.30 138608.69 0.00 0.48 0.07 0.18 0.01 0.00 0.00 99.07 7913500 7846948 66552 0.00 0.03 0.05 2141168 6982084 6712 46857268 127406004 106219296 11456 10 170 5 0 1 1 1 1 1 000000a2 00000000 00000002 00000036 00000000 00000000 000000b6 00000000
1346060948 34854.47 138688.60 0.00 0.48 0.07 0.18 0.01 0.00 0.00 99.07 7913500 7846800 66700 0.00 0.03 0.05 2141184 6982068 6720 46857260 127406004 106219296 11456 10 170 5 0 1 1 1 1 1 000000a2 00000000 00000002 00000036 00000000 00000000 000000b6 00000000
1346060968 34874.66 138768.94 0.00 0.48 0.07 0.18 0.01 0.00 0.00 99.07 7913500 7847064 66436 0.20 0.07 0.07 2141200 6982052 6720 46857260 127406004 106219296 11456 10 170 5 0 1 1 1 1 1 000000a2 00000000 00000002 00000036 00000000 00000000 000000b6 00000000
1346060988 34894.84 138849.38 0.00 0.48 0.07 0.18 0.01 0.00 0.00 99.07 7913500 7846964 66536 0.39 0.13 0.09 2141216 6982036 6724 46857256 127406004 106219296 11456 10 170 5 0 1 1 1 1 1 000000a2 00000000 00000002 00000036 00000000 00000000 000000b6 00000000
1346061008 34915.02 138930.05 0.00 0.48 0.07 0.18 0.01 0.00 0.00 99.07 7913500 7846824 66676 0.28 0.12 0.08 2141232 6982020 6724 46857256 127406004 106219296 11456 10 170 5 0 1 1 1 1 1 000000a2 00000000 00000002 00000036 00000000 00000000 000000b6 00000000
1346061028 34935.20 139010.40 0.00 0.48 0.07 0.18 0.01 0.00 0.00 99.07 7913500 7847180 66320 0.20 0.11 0.08 2141244 6982008 6724 46857256 127406004 106219296 11456 10 170 5 0 1 1 1 1 1 000000a2 00000000 00000002 00000036 00000000 00000000 000000b6 00000000
1346061049 34955.38 139091.24 0.00 0.48 0.07 0.18 0.01 0.00 0.00 99.07 7913500 7846940 66560 0.14 0.10 0.08 2141260 6981992 6724 46857256 127406004 106219296 11456 10 170 5 0 1 1 1 1 1 000000a2 00000000 00000002 00000036 00000000 00000000 000000b6 00000000
1346061069 34975.56 139171.53 0.00 0.48 0.07 0.18 0.01 0.00 0.00 99.07 7913500 7846932 66568 0.10 0.10 0.08 2141276 6981976 6724 46857256 127406004 106219296 11456 10 170 5 0 1 1 1 1 1 000000a2 00000000 00000002 00000036 00000000 00000000 000000b6 00000000
1346061089 34995.74 139251.86 0.00 0.48 0.07 0.18 0.01 0.00 0.00 99.07 7913500 7846808 66692 0.23 0.12 0.09 2141292 6981960 6748 46857232 127406004 106219296 11456 10 170 5 0 1 1 1 1 1 000000a2 00000000 00000002 00000036 00000000 00000000 000000b6 00000000
1346061109 35015.92 139332.19 0.00 0.48 0.07 0.18 0.01 0.00 0.00 99.07 7913500 7847004 66496 0.29 0.14 0.09 2141304 6981948 6748 46857232 127406004 106219296 11456 10 170 5 0 1 1 1 1 1 000000a2 00000000 00000002 00000036 00000000 00000000 000000b6 00000000
1346061129 35036.10 139412.31 0.00 0.48 0.07 0.18 0.01 0.00 0.00 99.07 7913500 7846956 66544 0.21 0.13 0.09 2141324 6981928 6748 46857232 127406004 106219296 11456 10 170 5 0 1 1 1 1 1 000000a2 00000000 00000002 00000036 00000000 00000000 000000b6 00000000
1346061150 35056.28 139493.18 0.00 0.48 0.07 0.18 0.01 0.00 0.00 99.07 7913500 7846792 66708 0.15 0.12 0.09 2141340 6981912 6748 46857232 127406004 106219296 11456 10 170 5 0 1 1 1 1 1 000000a2 00000000 00000002 00000036 00000000 00000000 000000b6 00000000
1346061170 35076.46 139573.57 0.00 0.48 0.07 0.18 0.01 0.00 0.00 99.07 7913500 7847196 66304 0.10 0.12 0.09 2141356 6981896 6764 46857216 127406004 106219296 11456 10 170 5 0 1 1 1 1 1 000000a2 00000000 00000002 00000036 00000000 00000000 000000b6 00000000
1346061190 35096.64 139654.44 0.00 0.48 0.07 0.18 0.01 0.00 0.00 99.07 7913500 7847436 66064 0.07 0.11 0.08 2141372 6981880 6764 46857216 127406004 106219296 11456 10 170 5 0 1 1 1 1 1 000000a2 00000000 00000002 00000036 00000000 00000000 000000b6 00000000
1346061210 35116.82 139734.85 0.00 0.48 0.07 0.18 0.01 0.00 0.00 99.07 7913500 7846940 66560 0.05 0.10 0.08 2141384 6981868 6764 46857216 127406004 106219296 11456 10 170 5 0 1 1 1 1 1 000000a2 00000000 00000002 00000036 00000000 00000000 000000b6 00000000
1346061230 35137.00 139815.66 0.00 0.48 0.07 0.18 0.01 0.00 0.00 99.07 7913500 7847072 66428 0.04 0.09 0.08 2141400 6981852 6764 46857216 127406004 106219296 11456 10 170 5 0 1 1 1 1 1 000000a2 00000000 00000002 00000036 00000000 00000000 000000b6 00000000
1346061250 35157.17 139895.74 0.00 0.48 0.07 0.18 0.01 0.00 0.00 99.07 7913500 7847196 66304 0.02 0.08 0.08 2141416 6981836 6764 46857216 127406004 106219296 11456 10 170 5 0 1 1 1 1 1 000000a2 00000000 00000002 00000036 00000000 00000000 000000b6 00000000
1346061271 35177.35 139975.86 0.00 0.48 0.07 0.18 0.01 0.00 0.00 99.07 7913500 7847328 66172 0.02 0.08 0.08 2141432 6981820 6764 46857216 127406004 106219296 11456 10 170 5 0 1 1 1 1 1 000000a2 00000000 00000002 00000036 00000000 00000000 000000b6 00000000
1346061291 35197.54 140056.09 0.00 0.48 0.07 0.18 0.01 0.00 0.00 99.07 7913500 7847312 66188 0.01 0.07 0.07 2141448 6981804 6764 46857216 127406004 106219296 11456 10 170 5 0 1 1 1 1 1 000000a2 00000000 00000002 00000036 00000000 00000000 000000b6 00000000
1346061311 35217.72 140136.50 0.00 0.48 0.07 0.18 0.01 0.00 0.00 99.07 7913500 7847220 66280 0.01 0.07 0.07 2141464 6981788 6784 46857196 127406004 106219296 11456 10 170 5 0 1 1 1 1 1 000000a2 00000000 00000002 00000036 00000000 00000000 000000b6 00000000
1346061331 35237.89 140216.59 0.00 0.48 0.07 0.18 0.01 0.00 0.00 99.07 7913500 7847284 66216 0.00 0.06 0.07 2141476 6981776 6792 46857188 127406004 106219296 11456 10 170 5 0 1 1 1 1 1 000000a2 00000000 00000002 00000036 00000000 00000000 000000b6 00000000
1346061351 35258.07 140296.79 0.00 0.48 0.07 0.18 0.01 0.00 0.00 99.07 7913500 7847212 66288 0.00 0.06 0.07 2141496 6981756 6792 46857188 127406004 106219296 11456 10 170 5 0 1 1 1 1 1 000000a2 00000000 00000002 00000036 00000000 00000000 000000b6 00000000
1346061371 35278.25 140377.19 0.00 0.48 0.07 0.18 0.01 0.00 0.00 99.07 7913500 7847336 66164 0.00 0.05 0.07 2141508 6981744 6792 46857188 127406004 106219296 11456 10 170 5 0 1 1 1 1 1 000000a2 00000000 00000002 00000036 00000000 00000000 000000b6 00000000
1346061392 35298.43 140457.79 0.00 0.48 0.07 0.18 0.01 0.00 0.00 99.07 7913500 7847244 66256 0.00 0.05 0.06 2141524 6981728 6800 46857180 127406004 106219296 11456 10 170 5 0 1 1 1 1 1 000000a2 00000000 00000002 00000036 00000000 00000000 000000b6 00000000
1346061412 35318.62 140538.15 0.00 0.48 0.07 0.18 0.01 0.00 0.00 99.07 7913500 7847080 66420 0.00 0.04 0.06 2141544 6981708 6820 46857160 127406004 106219296 11456 10 173 5 0 1 1 1 1 1 000000a2 00000000 00000002 00000036 00000000 00000000 000000b6 00000000
1346061432 35338.80 140618.51 0.00 0.48 0.07 0.18 0.01 0.00 0.00 99.07 7913500 7847452 66048 0.00 0.04 0.06 2141552 6981700 6820 46857160 127406004 106219296 11456 10 173 5 0 1 1 1 1 1 000000a2 00000000 00000002 00000036 00000000 00000000 000000b6 00000000
1346061452 35358.98 140698.55 0.00 0.48 0.07 0.18 0.01 0.00 0.00 99.07 7913500 7847444 66056 0.00 0.04 0.06 2141576 6981676 6820 46857160 127406004 106219296 11456 10 173 5 0 1 1 1 1 1 000000a2 00000000 00000002 00000036 00000000 00000000 000000b6 00000000
1346061472 35379.15 140779.16 0.00 0.48 0.07 0.18 0.01 0.00 0.00 99.07 7913500 7847576 65924 0.00 0.03 0.06 2141584 6981668 6820 46857160 127406004 106219296 11456 10 173 5 0 1 1 1 1 1 000000a2 00000000 00000002 00000036 00000000 00000000 000000b6 00000000
1346061493 35399.33 140859.39 0.00 0.48 0.07 0.18 0.01 0.00 0.00 99.07 7913500 7847352 66148 0.00 0.03 0.06 2141604 6981648 6824 46857156 127406004 106219296 11456 10 174 5 0 1 1 1 1 1 000000a2 00000000 00000002 00000036 00000000 00000000 000000b6 00000000
1346061513 35419.52 140940.07 0.00 0.48 0.07 0.18 0.01 0.00 0.00 99.07 7913500 7847452 66048 0.00 0.03 0.05 2141616 6981636 6828 46857152 127406004 106219296 11456 10 175 5 0 1 1 1 1 1 000000a2 00000000 00000002 00000036 00000000 00000000 000000b6 00000000
1346061533 35439.70 141020.09 0.00 0.48 0.07 0.18 0.01 0.00 0.00 99.07 7913500 7847492 66008 0.00 0.03 0.05 2141632 6981620 6828 46857152 127406004 106219296 11456 10 175 5 0 1 1 1 1 1 000000a2 00000000 00000002 00000036 00000000 00000000 000000b6 00000000
1346061553 35459.87 141100.63 0.00 0.48 0.07 0.18 0.01 0.00 0.00 99.07 7913500 7847556 65944 0.00 0.02 0.05 2141652 6981600 6828 46857152 127406004 106219296 11456 10 175 5 0 1 1 1 1 1 000000a2 00000000 00000002 00000036 00000000 00000000 000000b6 00000000
1346061573 35480.05 141180.79 0.00 0.48 0.07 0.18 0.01 0.00 0.00 99.07 7913500 7847236 66264 0.00 0.02 0.05 2141664 6981588 6828 46857152 127406004 106219296 11456 10 175 5 0 1 1 1 1 1 000000a2 00000000 00000002 00000036 00000000 00000000 000000b6 00000000
1346061593 35500.23 141260.97 0.00 0.48 0.07 0.18 0.01 0.00 0.00 99.07 7913500 7847624 65876 0.00 0.02 0.05 2141684 6981568 6828 46857152 127406004 106219296 11456 10 175 5 0 1 1 1 1 1 000000a2 00000000 00000002 00000036 00000000 00000000 000000b6 00000000
1346061614 35520.42 141341.65 0.00 0.48 0.07 0.18 0.01 0.00 0.00 99.07 7913500 7847592 65908 0.00 0.02 0.04 2141692 6981560 6828 46857152 127406004 106219296 11456 10 175 5 0 1 1 1 1 1 000000a2 00000000 00000002 00000036 00000000 00000000 000000b6 00000000
1346061634 35540.60 141421.32 0.00 0.48 0.07 0.18 0.01 0.00 0.00 99.07 7913500 7847476 66024 0.00 0.02 0.04 2141712 6981540 6856 46857124 127406004 106219296 11456 10 175 5 0 1 1 1 1 1 000000a2 00000000 00000002 00000036 00000000 00000000 000000b6 00000000
1346061654 35560.78 141501.31 0.00 0.48 0.07 0.18 0.01 0.00 0.00 99.07 7913500 7847484 66016 0.00 0.01 0.04 2141724 6981528 6856 46857124 127406004 106219296 11456 10 175 5 0 1 1 1 1 1 000000a2 00000000 00000002 00000036 00000000 00000000 000000b6 00000000
1346061674 35580.96 141581.39 0.00 0.48 0.07 0.18 0.01 0.00 0.00 99.07 7913500 7847704 65796 0.00 0.01 0.04 2141740 6981512 6856 46857124 127406004 106219296 11456 10 175 5 0 1 1 1 1 1 000000a2 00000000 00000002 00000036 00000000 00000000 000000b6 00000000
1346061694 35601.14 141662.22 0.00 0.48 0.07 0.18 0.01 0.00 0.00 99.07 7913500 7847576 65924 0.06 0.03 0.04 2141760 6981492 6856 46857124 127406004 106219296 11456 10 175 5 0 1 1 1 1 1 000000a2 00000000 00000002 00000036 00000000 00000000 000000b6 00000000
1346061715 35621.31 141742.59 0.00 0.48 0.07 0.18 0.01 0.00 0.00 99.07 7913500 7847344 66156 0.10 0.04 0.04 2141772 6981480 6864 46857116 127406004 106219296 11456 10 175 5 0 1 1 1 1 1 000000a2 00000000 00000002 00000036 00000000 00000000 000000b6 00000000
1346061735 35641.50 141822.98 0.00 0.48 0.07 0.18 0.01 0.00 0.00 99.07 7913500 7847600 65900 0.07 0.03 0.04 2141792 6981460 6872 46857108 127406004 106219296 11456 10 175 5 0 1 1 1 1 1 000000a2 00000000 00000002 00000036 00000000 00000000 000000b6 00000000
1346061755 35661.68 141903.19 0.00 0.48 0.07 0.18 0.01 0.00 0.00 99.07 7913500 7847540 65960 0.05 0.03 0.04 2141804 6981448 6872 46857108 127406004 106219296 11456 10 175 5 0 1 1 1 1 1 000000a2 00000000 00000002 00000036 00000000 00000000 000000b6 00000000
1346061775 35681.86 141983.44 0.00 0.48 0.07 0.18 0.01 0.00 0.00 99.07 7913500 7847516 65984 0.11 0.04 0.04 2141820 6981432 6872 46857108 127406004 106219296 11456 10 175 5 0 1 1 1 1 1 000000a2 00000000 00000002 00000036 00000000 00000000 000000b6 00000000
1346061795 35702.03 142064.03 0.00 0.48 0.07 0.18 0.01 0.00 0.00 99.07 7913500 7847708 65792 0.28 0.09 0.06 2141836 6981416 6872 46857108 127406004 106219296 11456 10 175 5 0 1 1 1 1 1 000000a2 00000000 00000002 00000036 00000000 00000000 000000b6 00000000
1346061815 35722.21 142144.08 0.00 0.48 0.07 0.18 0.01 0.00 0.00 99.07 7913500 7847460 66040 0.20 0.08 0.06 2141852 6981400 6872 46857108 127406004 106219296 11456 10 175 5 0 1 1 1 1 1 000000a2 00000000 00000002 00000036 00000000 00000000 000000b6 00000000
1346061836 35742.39 142224.10 0.00 0.48 0.07 0.18 0.01 0.00 0.00 99.07 7913500 7847592 65908 0.14 0.08 0.05 2141864 6981388 6872 46857108 127406004 106219296 11456 10 175 5 0 1 1 1 1 1 000000a2 00000000 00000002 00000036 00000000 00000000 000000b6 00000000
1346061856 35762.57 142304.15 0.00 0.48 0.07 0.18 0.01 0.00 0.00 99.07 7913500 7847724 65776 0.10 0.07 0.05 2141884 6981368 6880 46857100 127406004 106219296 11456 10 175 5 0 1 1 1 1 1 000000a2 00000000 00000002 00000036 00000000 00000000 000000b6 00000000
1346061876 35782.76 142384.88 0.00 0.48 0.07 0.18 0.01 0.00 0.00 99.07 7913500 7847576 65924 0.07 0.06 0.05 2141896 6981356 6896 46857084 127406004 106219296 11456 10 175 5 0 1 1 1 1 1 000000a2 00000000 00000002 00000036 00000000 00000000 000000b6 00000000
1346061896 35802.94 142462.42 0.00 0.48 0.07 0.18 0.01 0.00 0.00 99.07 7913500 7833252 80248 0.05 0.06 0.05 2141924 6981328 6896 46857084 128728816 104896484 11576 10 175 5 0 1 1 1 1 1 000000a4 00000001 00000000 00000036 00000078 00000000 000000b9 00000000
1346061916 35823.15 142537.88 0.00 0.48 0.07 0.18 0.01 0.00 0.00 99.07 7913500 7833348 80152 0.04 0.05 0.05 2141960 6981292 6896 46857084 130751936 102873364 11758 10 175 5 0 1 1 1 1 1 000000a7 00000001 00000001 00000037 00000066 00000000 000000bc 00000000
1346061937 35843.37 142613.28 0.00 0.49 0.07 0.18 0.01 0.00 0.00 99.06 7913500 7838676 74824 0.10 0.07 0.05 2141996 6981256 6896 46857084 132941796 100683504 11954 10 175 5 0 1 1 1 1 1 000000aa 00000001 00000002 00000038 00000032 00000000 000000bf 00000000
1346061957 35863.59 142689.77 0.00 0.49 0.07 0.18 0.01 0.00 0.00 99.06 7913500 7844948 68552 0.20 0.09 0.06 2142032 6981220 6916 46857064 134498044 99127256 12094 10 175 5 0 1 1 1 1 1 000000ab 00000000 00000002 00000039 00000000 00000000 000000c0 00000000
1346061977 35883.79 142770.22 0.00 0.49 0.07 0.18 0.01 0.00 0.00 99.06 7913500 7849748 63752 0.14 0.09 0.06 2142040 6981212 6916 46857064 134498044 99127256 12094 10 175 5 0 1 1 1 1 1 000000ab 00000000 00000002 00000039 00000000 00000000 000000c0 00000000
1346061997 35903.97 142850.24 0.00 0.49 0.07 0.18 0.01 0.00 0.00 99.06 7913500 7849732 63768 0.10 0.08 0.05 2142056 6981196 6916 46857064 134498044 99127256 12094 10 175 5 0 1 1 1 1 1 000000ab 00000000 00000002 00000039 00000000 00000000 000000c0 00000000
1346062017 35924.16 142930.58 0.00 0.49 0.07 0.18 0.01 0.00 0.00 99.06 7913500 7849384 64116 0.07 0.07 0.05 2142076 6981176 6916 46857064 134498044 99127256 12094 10 175 5 0 1 1 1 1 1 000000ab 00000000 00000002 00000039 00000000 00000000 000000c0 00000000
1346062038 35944.34 143010.66 0.00 0.49 0.07 0.18 0.01 0.00 0.00 99.06 7913500 7849444 64056 0.05 0.07 0.05 2142088 6981164 6916 46857064 134498044 99127256 12094 10 175 5 0 1 1 1 1 1 000000ab 00000000 00000002 00000039 00000000 00000000 000000c0 00000000
1346062058 35964.52 143091.40 0.00 0.49 0.07 0.18 0.01 0.00 0.00 99.06 7913500 7849452 64048 0.04 0.06 0.05 2142104 6981148 6916 46857064 134498044 99127256 12094 10 175 5 0 1 1 1 1 1 000000ab 00000000 00000002 00000039 00000000 00000000 000000c0 00000000
1346062078 35984.71 143171.77 0.00 0.49 0.07 0.18 0.01 0.00 0.00 99.06 7913500 7849616 63884 0.02 0.06 0.05 2142120 6981132 6916 46857064 134498044 99127256 12094 10 175 5 0 1 1 1 1 1 000000ab 00000000 00000002 00000039 00000000 00000000 000000c0 00000000
1346062098 36004.89 143252.40 0.00 0.49 0.07 0.18 0.01 0.00 0.00 99.06 7913500 7849344 64156 0.02 0.05 0.04 2142132 6981120 6940 46857040 134498044 99127256 12094 10 175 5 0 1 1 1 1 1 000000ab 00000000 00000002 00000039 00000000 00000000 000000c0 00000000
1346062118 36025.07 143332.51 0.00 0.49 0.07 0.18 0.01 0.00 0.00 99.06 7913500 7849940 63560 0.01 0.05 0.04 2142148 6981104 6940 46857040 134498044 99127256 12094 10 175 5 0 1 1 1 1 1 000000ab 00000000 00000002 00000039 00000000 00000000 000000c0 00000000
1346062138 36045.25 143412.92 0.00 0.49 0.07 0.18 0.01 0.00 0.00 99.06 7913500 7849584 63916 0.01 0.05 0.04 2142168 6981084 6940 46857040 134498044 99127256 12094 10 175 5 0 1 1 1 1 1 000000ab 00000000 00000002 00000039 00000000 00000000 000000c0 00000000
1346062159 36065.43 143493.54 0.00 0.49 0.07 0.18 0.01 0.00 0.00 99.06 7913500 7849468 64032 0.00 0.04 0.04 2142184 6981068 6940 46857040 134498044 99127256 12094 10 175 5 0 1 1 1 1 1 000000ab 00000000 00000002 00000039 00000000 00000000 000000c0 00000000
1346062179 36085.61 143573.55 0.00 0.49 0.07 0.18 0.01 0.00 0.00 99.06 7913500 7849888 63612 0.00 0.04 0.04 2142196 6981056 6948 46857032 134498044 99127256 12094 10 175 5 0 1 1 1 1 1 000000ab 00000000 00000002 00000039 00000000 00000000 000000c0 00000000
1346062199 36105.80 143654.04 0.00 0.49 0.07 0.18 0.01 0.00 0.00 99.06 7913500 7849824 63676 0.00 0.03 0.03 2142212 6981040 6956 46857024 134498044 99127256 12094 10 175 5 0 1 1 1 1 1 000000ab 00000000 00000002 00000039 00000000 00000000 000000c0 00000000
1346062219 36125.98 143734.18 0.00 0.49 0.07 0.18 0.01 0.00 0.00 99.06 7913500 7849524 63976 0.00 0.03 0.03 2142228 6981024 6956 46857024 134498044 99127256 12094 10 175 5 0 1 1 1 1 1 000000ab 00000000 00000002 00000039 00000000 00000000 000000c0 00000000
1346062239 36146.16 143814.82 0.00 0.49 0.07 0.18 0.01 0.00 0.00 99.06 7913500 7849444 64056 0.00 0.03 0.03 2142244 6981008 6956 46857024 134498044 99127256 12094 10 175 5 0 1 1 1 1 1 000000ab 00000000 00000002 00000039 00000000 00000000 000000c0 00000000
1346062260 36166.34 143894.84 0.00 0.49 0.07 0.18 0.01 0.00 0.00 99.06 7913500 7849824 63676 0.00 0.03 0.03 2142260 6980992 6956 46857024 134498044 99127256 12094 10 175 5 0 1 1 1 1 1 000000ab 00000000 00000002 00000039 00000000 00000000 000000c0 00000000
1346062280 36186.52 143975.21 0.00 0.49 0.07 0.18 0.01 0.00 0.00 99.06 7913500 7849948 63552 0.00 0.02 0.03 2142272 6980980 6960 46857020 134498044 99127256 12094 10 175 5 0 1 1 1 1 1 000000ab 00000000 00000002 00000039 00000000 00000000 000000c0 00000000
1346062300 36206.70 144055.19 0.00 0.49 0.07 0.18 0.01 0.00 0.00 99.06 7913500 7849756 63744 0.00 0.02 0.02 2142296 6980956 6960 46857020 134498044 99127256 12094 10 175 5 0 1 1 1 1 1 000000ab 00000000 00000002 00000039 00000000 00000000 000000c0 00000000
1346062320 36226.89 144136.07 0.00 0.49 0.07 0.18 0.01 0.00 0.00 99.06 7913500 7849716 63784 0.00 0.02 0.02 2142304 6980948 6968 46857012 134498044 99127256 12094 10 175 5 0 1 1 1 1 1 000000ab 00000000 00000002 00000039 00000000 00000000 000000c0 00000000
1346062340 36247.07 144216.62 0.00 0.49 0.07 0.18 0.01 0.00 0.00 99.06 7913500 7850196 63304 0.00 0.02 0.02 2142320 6980932 6984 46856996 134498044 99127256 12094 10 175 5 0 1 1 1 1 1 000000ab 00000000 00000002 00000039 00000000 00000000 000000c0 00000000
