1346069629 43536.05 173164.63 0.00 0.49 0.07 0.19 0.01 0.00 0.00 99.05 7913500 7598448 315052 0.00 0.02 0.00 2147788 6975464 8376 46855604 155729692 77895608 14004 13 215 5 0 1 1 1 1 1 000000c6 00000000 00000002 00000042 00000000 00000000 000000de 00000000
1346069649 43556.24 173245.22 0.00 0.49 0.07 0.19 0.01 0.00 0.00 99.05 7913500 7598580 314920 0.08 0.04 0.01 2147804 6975448 8380 46855600 155729692 77895608 14004 13 215 5 0 1 1 1 1 1 000000c6 00000000 00000002 00000042 00000000 00000000 000000de 00000000
1346069670 43576.44 173325.44 0.00 0.49 0.07 0.19 0.01 0.00 0.00 99.05 7913500 7598448 315052 0.12 0.05 0.01 2147816 6975436 8380 46855600 155729692 77895608 14004 13 215 5 0 1 1 1 1 1 000000c6 00000000 00000002 00000042 00000000 00000000 000000de 00000000
1346069690 43596.64 173406.08 0.00 0.49 0.07 0.19 0.01 0.00 0.00 99.05 7913500 7597952 315548 0.08 0.04 0.01 2147828 6975424 8380 46855600 155729692 77895608 14004 13 215 5 0 1 1 1 1 1 000000c6 00000000 00000002 00000042 00000000 00000000 000000de 00000000
1346069710 43616.84 173486.20 0.00 0.49 0.07 0.19 0.01 0.00 0.00 99.05 7913500 7598200 315300 0.06 0.04 0.00 2147844 6975408 8396 46855584 155729692 77895608 14004 13 215 5 0 1 1 1 1 1 000000c6 00000000 00000002 00000042 00000000 00000000 000000de 00000000
1346069730 43637.04 173566.56 0.00 0.49 0.07 0.19 0.01 0.00 0.00 99.05 7913500 7598472 315028 0.04 0.04 0.00 2147852 6975400 8404 46855576 155729692 77895608 14004 13 215 5 0 1 1 1 1 1 000000c6 00000000 00000002 00000042 00000000 00000000 000000de 00000000
1346069750 43657.23 173646.67 0.00 0.49 0.07 0.19 0.01 0.00 0.00 99.05 7913500 7598348 315152 0.16 0.07 0.01 2147868 6975384 8404 46855576 155729692 77895608 14004 13 215 5 0 1 1 1 1 1 000000c6 00000000 00000002 00000042 00000000 00000000 000000de 00000000
1346069771 43677.42 173727.32 0.00 0.49 0.07 0.19 0.01 0.00 0.00 99.05 7913500 7598324 315176 0.16 0.07 0.01 2147884 6975368 8404 46855576 155729692 77895608 14004 13 215 5 0 1 1 1 1 1 000000c6 00000000 00000002 00000042 00000000 00000000 000000de 00000000
1346069791 43697.62 173807.65 0.00 0.49 0.07 0.19 0.01 0.00 0.00 99.05 7913500 7598580 314920 0.11 0.07 0.01 2147896 6975356 8412 46855568 155729692 77895608 14004 13 215 5 0 1 1 1 1 1 000000c6 00000000 00000002 00000042 00000000 00000000 000000de 00000000
1346069811 43717.82 173887.66 0.00 0.49 0.07 0.19 0.01 0.00 0.00 99.05 7913500 7598324 315176 0.08 0.06 0.01 2147912 6975340 8420 46855560 155729692 77895608 14004 13 215 5 0 1 1 1 1 1 000000c6 00000000 00000002 00000042 00000000 00000000 000000de 00000000
1346069831 43738.01 173968.46 0.00 0.49 0.07 0.19 0.01 0.00 0.00 99.05 7913500 7598348 315152 0.06 0.06 0.01 2147924 6975328 8420 46855560 155729692 77895608 14004 13 215 5 0 1 1 1 1 1 000000c6 00000000 00000002 00000042 00000000 00000000 000000df 00000000
