1346029722 3629.16 14425.90 0.00 0.48 0.09 0.24 0.01 0.00 0.00 98.99 7913500 7826532 86968 0.05 0.09 0.03 2118128 7005124 728 46863252 14211300 219414000 1273 2 15 5 0 1 1 1 1 1 00000012 00000000 00000002 00000006 00000000 00000000 00000016 00000000
1346029743 3649.27 14505.95 0.00 0.48 0.09 0.24 0.01 0.00 0.00 98.99 7913500 7826400 87100 0.04 0.08 0.03 2118140 7005112 732 46863248 14211300 219414000 1273 2 15 5 0 1 1 1 1 1 00000012 00000000 00000002 00000006 00000000 00000000 00000016 00000000
1346029763 3669.38 14586.02 0.00 0.48 0.09 0.24 0.01 0.00 0.00 99.00 7913500 7826112 87388 0.03 0.08 0.03 2118156 7005096 732 46863248 14211300 219414000 1273 2 15 5 0 1 1 1 1 1 00000012 00000000 00000002 00000006 00000000 00000000 00000016 00000000
1346029783 3689.49 14666.07 0.00 0.48 0.09 0.24 0.01 0.00 0.00 99.00 7913500 7826384 87116 0.02 0.07 0.03 2118172 7005080 732 46863248 14211300 219414000 1273 2 15 5 0 1 1 1 1 1 00000012 00000000 00000002 00000006 00000000 00000000 00000016 00000000
1346029803 3709.59 14746.69 0.00 0.48 0.09 0.24 0.01 0.00 0.00 99.00 7913500 7826400 87100 0.01 0.07 0.03 2118188 7005064 732 46863248 14211300 219414000 1273 2 15 5 0 1 1 1 1 1 00000012 00000000 00000002 00000006 00000000 00000000 00000016 00000000
1346029823 3729.71 14826.75 0.00 0.48 0.09 0.24 0.01 0.00 0.00 99.00 7913500 7826488 87012 0.01 0.06 0.02 2118204 7005048 772 46863208 14211300 219414000 1273 2 15 5 0 1 1 1 1 1 00000012 00000000 00000002 00000006 00000000 00000000 00000016 00000000
1346029843 3749.81 14907.01 0.00 0.48 0.09 0.24 0.01 0.00 0.00 99.00 7913500 7826284 87216 0.00 0.06 0.02 2118216 7005036 772 46863208 14211300 219414000 1273 2 15 5 0 1 1 1 1 1 00000012 00000000 00000002 00000006 00000000 00000000 00000016 00000000
1346029863 3769.92 14987.34 0.00 0.48 0.08 0.24 0.01 0.00 0.00 99.01 7913500 7826368 87132 0.00 0.05 0.02 2118236 7005016 772 46863208 14211300 219414000 1273 2 15 5 0 1 1 1 1 1 00000012 00000000 00000002 00000006 00000000 00000000 00000016 00000000
1346029883 3790.03 15067.95 0.00 0.48 0.08 0.24 0.01 0.00 0.00 99.01 7913500 7826284 87216 0.00 0.05 0.02 2118252 7005000 772 46863208 14211300 219414000 1273 2 15 5 0 1 1 1 1 1 00000012 00000000 00000002 00000006 00000000 00000000 00000016 00000000
1346029903 3810.14 15148.18 0.00 0.47 0.08 0.24 0.01 0.00 0.00 99.01 7913500 7826524 86976 0.00 0.04 0.02 2118264 7004988 772 46863208 14211300 219414000 1273 2 15 5 0 1 1 1 1 1 00000012 00000000 00000002 00000006 00000000 00000000 00000016 00000000
1346029923 3830.25 15228.09 0.00 0.47 0.08 0.24 0.01 0.00 0.00 99.01 7913500 7826504 86996 0.00 0.04 0.02 2118284 7004968 772 46863208 14211300 219414000 1273 2 15 5 0 1 1 1 1 1 00000012 00000000 00000002 00000006 00000000 00000000 00000016 00000000
1346029944 3850.36 15308.91 0.00 0.47 0.08 0.24 0.01 0.00 0.00 99.01 7913500 7826516 86984 0.00 0.04 0.01 2118296 7004956 772 46863208 14211300 219414000 1273 2 15 5 0 1 1 1 1 1 00000012 00000000 00000002 00000006 00000000 00000000 00000016 00000000
1346029964 3870.47 15389.14 0.00 0.47 0.08 0.24 0.01 0.00 0.00 99.02 7913500 7826516 86984 0.00 0.03 0.01 2118308 7004944 772 46863208 14211300 219414000 1273 2 15 5 0 1 1 1 1 1 00000012 00000000 00000002 00000006 00000000 00000000 00000016 00000000
1346029984 3890.58 15469.93 0.00 0.47 0.08 0.24 0.01 0.00 0.00 99.02 7913500 7826772 86728 0.00 0.03 0.01 2118328 7004924 772 46863208 14211300 219414000 1273 2 15 5 0 1 1 1 1 1 00000012 00000000 00000002 00000006 00000000 00000000 00000016 00000000
1346030004 3910.69 15550.02 0.00 0.47 0.08 0.24 0.01 0.00 0.00 99.02 7913500 7826392 87108 0.00 0.03 0.01 2118340 7004912 772 46863208 14211300 219414000 1273 2 15 5 0 1 1 1 1 1 00000012 00000000 00000002 00000006 00000000 00000000 00000016 00000000
1346030024 3930.79 15629.96 0.00 0.47 0.08 0.23 0.01 0.00 0.00 99.02 7913500 7826516 86984 0.00 0.02 0.01 2118360 7004892 772 46863208 14211300 219414000 1273 2 15 5 0 1 1 1 1 1 00000012 00000000 00000002 00000006 00000000 00000000 00000016 00000000
1346030044 3950.91 15710.06 0.00 0.47 0.08 0.23 0.01 0.00 0.00 99.02 7913500 7826516 86984 0.00 0.02 0.00 2118372 7004880 788 46863192 14211300 219414000 1273 2 15 5 0 1 1 1 1 1 00000012 00000000 00000002 00000006 00000000 00000000 00000016 00000000
1346030064 3971.02 15790.11 0.00 0.47 0.08 0.23 0.01 0.00 0.00 99.03 7913500 7826392 87108 0.00 0.02 0.00 2118388 7004864 816 46863164 14211300 219414000 1273 2 15 5 0 1 1 1 1 1 00000012 00000000 00000002 00000006 00000000 00000000 00000016 00000000
1346030084 3991.13 15870.64 0.00 0.47 0.08 0.23 0.01 0.00 0.00 99.03 7913500 7826772 86728 0.00 0.02 0.00 2118404 7004848 816 46863164 14211300 219414000 1273 2 15 5 0 1 1 1 1 1 00000012 00000000 00000002 00000006 00000000 00000000 00000016 00000000
1346030104 4011.24 15950.63 0.00 0.47 0.08 0.23 0.01 0.00 0.00 99.03 7913500 7826648 86852 0.00 0.02 0.00 2118420 7004832 816 46863164 14211300 219414000 1273 2 15 5 0 1 1 1 1 1 00000012 00000000 00000002 00000006 00000000 00000000 00000016 00000000
1346030125 4031.35 16026.62 0.00 0.48 0.09 0.23 0.01 0.00 0.00 99.00 7913500 7844640 68860 0.14 0.05 0.01 2118452 7004800 816 46863164 16056560 217568740 1439 2 15 5 0 1 1 1 1 1 00000014 00000001 00000000 00000006 000000a7 00000000 00000019 00000000
1346030145 4051.48 16102.53 0.00 0.50 0.09 0.24 0.01 0.00 0.00 98.97 7913500 7856712 56788 0.17 0.06 0.01 2118488 7004764 836 46863144 18068568 215556732 1621 2 20 5 0 1 1 1 1 1 00000017 00000001 00000001 00000007 00000094 00000000 0000001c 00000000
1346030165 4071.61 16177.92 0.00 0.51 0.11 0.24 0.02 0.00 0.00 98.94 7913500 7822388 91112 0.41 0.12 0.03 2118520 7004732 836 46863144 20347356 213277944 1825 2 20 5 0 1 1 1 1 1 0000001a 00000001 00000002 00000008 0000004c 00000000 0000001f 00000000
1346030185 4091.73 16256.01 0.00 0.52 0.11 0.24 0.02 0.00 0.00 98.93 7913500 7823452 90048 0.43 0.14 0.04 2118536 7004716 836 46863144 21281104 212344196 1909 2 20 5 0 1 1 1 1 1 0000001b 00000000 00000002 00000009 00000000 00000000 00000020 00000000
1346030205 4111.85 16336.32 0.00 0.52 0.11 0.24 0.02 0.00 0.00 98.93 7913500 7823072 90428 0.31 0.13 0.04 2118552 7004700 836 46863144 21281104 212344196 1909 2 20 5 0 1 1 1 1 1 0000001b 00000000 00000002 00000009 00000000 00000000 00000020 00000000
1346030225 4131.96 16416.59 0.00 0.52 0.11 0.23 0.02 0.00 0.00 98.93 7913500 7823552 89948 0.22 0.12 0.04 2118560 7004692 836 46863144 21281104 212344196 1909 2 20 5 0 1 1 1 1 1 0000001b 00000000 00000002 00000009 00000000 00000000 00000020 00000000
1346030245 4152.08 16496.37 0.00 0.52 0.11 0.23 0.02 0.00 0.00 98.94 7913500 7823560 89940 0.16 0.11 0.04 2118576 7004676 836 46863144 21281104 212344196 1909 2 20 5 0 1 1 1 1 1 0000001b 00000000 00000002 00000009 00000000 00000000 00000020 00000000
1346030265 4172.19 16576.44 0.00 0.52 0.11 0.23 0.02 0.00 0.00 98.94 7913500 7823304 90196 0.49 0.19 0.06 2118588 7004664 836 46863144 21281104 212344196 1909 2 20 5 0 1 1 1 1 1 0000001b 00000000 00000002 00000009 00000000 00000000 00000020 00000000
1346030286 4192.31 16656.50 0.00 0.51 0.11 0.23 0.02 0.00 0.00 98.94 7913500 7823320 90180 0.92 0.30 0.10 2118600 7004652 836 46863144 21281104 212344196 1909 2 20 5 0 1 1 1 1 1 0000001b 00000000 00000002 00000009 00000000 00000000 00000020 00000000
1346030306 4212.42 16736.54 0.00 0.51 0.11 0.23 0.02 0.00 0.00 98.94 7913500 7823156 90344 0.91 0.35 0.12 2118616 7004636 836 46863144 21281104 212344196 1909 2 20 5 0 1 1 1 1 1 0000001b 00000000 00000002 00000009 00000000 00000000 00000020 00000000
1346030326 4232.54 16816.60 0.00 0.51 0.11 0.23 0.02 0.00 0.00 98.94 7913500 7823172 90328 0.65 0.32 0.11 2118628 7004624 836 46863144 21281104 212344196 1909 2 20 5 0 1 1 1 1 1 0000001b 00000000 00000002 00000009 00000000 00000000 00000020 00000000
1346030346 4252.65 16896.57 0.00 0.51 0.11 0.23 0.02 0.00 0.00 98.95 7913500 7823048 90452 0.47 0.30 0.11 2118640 7004612 836 46863144 21281104 212344196 1909 2 20 5 0 1 1 1 1 1 0000001b 00000000 00000002 00000009 00000000 00000000 00000020 00000000
1346030366 4272.77 16976.91 0.00 0.51 0.11 0.23 0.02 0.00 0.00 98.95 7913500 7823404 90096 0.41 0.30 0.11 2118652 7004600 876 46863104 21281104 212344196 1909 2 20 5 0 1 1 1 1 1 0000001b 00000000 00000002 00000009 00000000 00000000 00000020 00000000
1346030386 4292.87 17056.91 0.00 0.51 0.11 0.23 0.02 0.00 0.00 98.95 7913500 7822924 90576 0.43 0.31 0.12 2118668 7004584 880 46863100 21281104 212344196 1909 2 20 5 0 1 1 1 1 1 0000001b 00000000 00000002 00000009 00000000 00000000 00000020 00000000
1346030406 4312.98 17137.01 0.00 0.51 0.10 0.23 0.02 0.00 0.00 98.95 7913500 7823676 89824 0.30 0.29 0.12 2118676 7004576 880 46863100 21281104 212344196 1909 2 20 5 0 1 1 1 1 1 0000001b 00000000 00000002 00000009 00000000 00000000 00000020 00000000
1346030426 4333.09 17217.20 0.00 0.51 0.10 0.23 0.02 0.00 0.00 98.95 7913500 7823420 90080 0.22 0.27 0.11 2118692 7004560 880 46863100 21281104 212344196 1909 2 20 5 0 1 1 1 1 1 0000001b 00000000 00000002 00000009 00000000 00000000 00000020 00000000
1346030446 4353.20 17297.33 0.00 0.51 0.10 0.23 0.02 0.00 0.00 98.95 7913500 7823808 89692 0.15 0.25 0.11 2118704 7004548 880 46863100 21281104 212344196 1909 2 20 5 0 1 1 1 1 1 0000001b 00000000 00000002 00000009 00000000 00000000 00000020 00000000
1346030467 4373.32 17377.18 0.00 0.51 0.10 0.23 0.02 0.00 0.00 98.96 7913500 7823040 90460 0.11 0.23 0.10 2118716 7004536 880 46863100 21281104 212344196 1909 2 20 5 0 1 1 1 1 1 0000001b 00000000 00000002 00000009 00000000 00000000 00000020 00000000
1346030487 4393.43 17457.33 0.00 0.51 0.10 0.23 0.02 0.00 0.00 98.96 7913500 7822676 90824 0.08 0.22 0.10 2118728 7004524 880 46863100 21281104 212344196 1909 2 20 5 0 1 1 1 1 1 0000001b 00000000 00000002 00000009 00000000 00000000 00000020 00000000
1346030507 4413.54 17537.94 0.00 0.51 0.10 0.23 0.01 0.00 0.00 98.96 7913500 7823048 90452 0.06 0.20 0.10 2118740 7004512 880 46863100 21281104 212344196 1909 2 20 5 0 1 1 1 1 1 0000001b 00000000 00000002 00000009 00000000 00000000 00000020 00000000
1346030527 4433.66 17617.83 0.00 0.50 0.10 0.23 0.01 0.00 0.00 98.96 7913500 7823652 89848 0.04 0.19 0.09 2118752 7004500 880 46863100 21281104 212344196 1909 2 20 5 0 1 1 1 1 1 0000001b 00000000 00000002 00000009 00000000 00000000 00000020 00000000
1346030547 4453.78 17697.97 0.00 0.50 0.10 0.23 0.01 0.00 0.00 98.96 7913500 7823784 89716 0.03 0.17 0.09 2118768 7004484 880 46863100 21281104 212344196 1909 2 20 5 0 1 1 1 1 1 0000001b 00000000 00000002 00000009 00000000 00000000 00000020 00000000
1346030567 4473.89 17778.31 0.00 0.50 0.10 0.23 0.01 0.00 0.00 98.96 7913500 7823412 90088 0.08 0.18 0.09 2118780 7004472 880 46863100 21281104 212344196 1909 2 20 5 0 1 1 1 1 1 0000001b 00000000 00000002 00000009 00000000 00000000 00000020 00000000
1346030587 4494.01 17859.08 0.00 0.50 0.10 0.23 0.01 0.00 0.00 98.97 7913500 7823636 89864 0.26 0.21 0.10 2118792 7004460 896 46863084 21281104 212344196 1909 2 20 5 0 1 1 1 1 1 0000001b 00000000 00000002 00000009 00000000 00000000 00000020 00000000
1346030607 4514.12 17939.32 0.00 0.50 0.10 0.23 0.01 0.00 0.00 98.97 7913500 7823636 89864 0.43 0.26 0.12 2118808 7004444 920 46863060 21281104 212344196 1909 2 20 5 0 1 1 1 1 1 0000001b 00000000 00000002 00000009 00000000 00000000 00000020 00000000
1346030627 4534.24 18019.52 0.00 0.50 0.10 0.23 0.01 0.00 0.00 98.97 7913500 7823520 89980 0.31 0.24 0.12 2118812 7004440 920 46863060 21281104 212344196 1909 2 20 5 0 1 1 1 1 1 0000001b 00000000 00000002 00000009 00000000 00000000 00000020 00000000
1346030648 4554.35 18100.02 0.00 0.50 0.10 0.23 0.01 0.00 0.00 98.97 7913500 7823644 89856 0.22 0.22 0.11 2118832 7004420 920 46863060 21281104 212344196 1909 2 20 5 0 1 1 1 1 1 0000001b 00000000 00000002 00000009 00000000 00000000 00000020 00000000
1346030668 4574.47 18180.23 0.00 0.50 0.10 0.23 0.01 0.00 0.00 98.97 7913500 7823760 89740 0.16 0.21 0.11 2118840 7004412 920 46863060 21281104 212344196 1909 2 20 5 0 1 1 1 1 1 0000001b 00000000 00000002 00000009 00000000 00000000 00000020 00000000
1346030688 4594.58 18261.18 0.00 0.50 0.10 0.23 0.01 0.00 0.00 98.97 7913500 7824116 89384 0.11 0.20 0.10 2118856 7004396 920 46863060 21281104 212344196 1909 2 20 5 0 1 1 1 1 1 0000001b 00000000 00000002 00000009 00000000 00000000 00000020 00000000
1346030708 4614.69 18341.40 0.00 0.50 0.10 0.23 0.01 0.00 0.00 98.98 7913500 7823528 89972 0.08 0.18 0.10 2118880 7004372 920 46863060 21281104 212344196 1909 2 20 5 0 1 1 1 1 1 0000001b 00000000 00000002 00000009 00000000 00000000 00000020 00000000
1346030728 4634.81 18421.72 0.00 0.50 0.10 0.23 0.01 0.00 0.00 98.98 7913500 7823164 90336 0.06 0.17 0.10 2118888 7004364 924 46863056 21281104 212344196 1909 2 20 5 0 1 1 1 1 1 0000001b 00000000 00000002 00000009 00000000 00000000 00000020 00000000
1346030748 4654.92 18502.00 0.00 0.50 0.10 0.23 0.01 0.00 0.00 98.98 7913500 7823404 90096 0.04 0.16 0.09 2118904 7004348 924 46863056 21281104 212344196 1909 2 20 5 0 1 1 1 1 1 0000001b 00000000 00000002 00000009 00000000 00000000 00000020 00000000
1346030768 4675.03 18581.79 0.00 0.50 0.10 0.23 0.01 0.00 0.00 98.98 7913500 7823396 90104 0.03 0.15 0.09 2118912 7004340 924 46863056 21281104 212344196 1909 2 20 5 0 1 1 1 1 1 0000001b 00000000 00000002 00000009 00000000 00000000 00000020 00000000
1346030788 4695.15 18662.14 0.00 0.49 0.10 0.23 0.01 0.00 0.00 98.98 7913500 7823272 90228 0.02 0.14 0.09 2118928 7004324 924 46863056 21281104 212344196 1909 2 20 5 0 1 1 1 1 1 0000001b 00000000 00000002 00000009 00000000 00000000 00000020 00000000
1346030808 4715.26 18742.44 0.00 0.49 0.10 0.23 0.01 0.00 0.00 98.98 7913500 7823272 90228 0.01 0.13 0.09 2118936 7004316 924 46863056 21281104 212344196 1909 2 20 5 0 1 1 1 1 1 0000001b 00000000 00000002 00000009 00000000 00000000 00000020 00000000
1346030829 4735.37 18822.17 0.00 0.49 0.10 0.23 0.01 0.00 0.00 98.98 7913500 7823272 90228 0.01 0.12 0.08 2118952 7004300 964 46863016 21281104 212344196 1909 2 20 5 0 1 1 1 1 1 0000001b 00000000 00000002 00000009 00000000 00000000 00000020 00000000
1346030849 4755.49 18902.38 0.00 0.49 0.09 0.23 0.01 0.00 0.00 98.99 7913500 7823900 89600 0.00 0.11 0.08 2118964 7004288 964 46863016 21281104 212344196 1909 2 20 5 0 1 1 1 1 1 0000001b 00000000 00000002 00000009 00000000 00000000 00000020 00000000
1346030869 4775.60 18982.80 0.00 0.49 0.09 0.23 0.01 0.00 0.00 98.99 7913500 7823792 89708 0.00 0.10 0.08 2118976 7004276 964 46863016 21281104 212344196 1909 2 20 5 0 1 1 1 1 1 0000001b 00000000 00000002 00000009 00000000 00000000 00000020 00000000
1346030889 4795.71 19062.85 0.00 0.49 0.09 0.23 0.01 0.00 0.00 98.99 7913500 7823768 89732 0.00 0.09 0.08 2118992 7004260 964 46863016 21281104 212344196 1909 2 20 5 0 1 1 1 1 1 0000001b 00000000 00000002 00000009 00000000 00000000 00000020 00000000
1346030909 4815.83 19143.01 0.00 0.49 0.09 0.23 0.01 0.00 0.00 98.99 7913500 7823808 89692 0.00 0.09 0.08 2119000 7004252 964 46863016 21281104 212344196 1909 2 20 5 0 1 1 1 1 1 0000001b 00000000 00000002 00000009 00000000 00000000 00000020 00000000
1346030929 4835.94 19223.63 0.00 0.49 0.09 0.23 0.01 0.00 0.00 98.99 7913500 7823948 89552 0.00 0.08 0.07 2119016 7004236 964 46863016 21281104 212344196 1909 2 20 5 0 1 1 1 1 1 0000001b 00000000 00000002 00000009 00000000 00000000 00000020 00000000
1346030949 4856.05 19303.31 0.00 0.49 0.09 0.23 0.01 0.00 0.00 98.99 7913500 7823668 89832 0.08 0.09 0.08 2119028 7004224 964 46863016 21281104 212344196 1909 2 20 5 0 1 1 1 1 1 0000001b 00000000 00000002 00000009 00000000 00000000 00000020 00000000
1346030969 4876.17 19383.50 0.00 0.49 0.09 0.23 0.01 0.00 0.00 98.99 7913500 7823536 89964 0.34 0.15 0.10 2119040 7004212 964 46863016 21281104 212344196 1909 2 20 5 0 1 1 1 1 1 0000001b 00000000 00000002 00000009 00000000 00000000 00000020 00000000
1346030990 4896.28 19463.44 0.00 0.49 0.09 0.23 0.01 0.00 0.00 98.99 7913500 7823768 89732 0.24 0.14 0.09 2119056 7004196 964 46863016 21281104 212344196 1909 2 20 5 0 1 1 1 1 1 0000001b 00000000 00000002 00000009 00000000 00000000 00000020 00000000
1346031010 4916.40 19543.28 0.00 0.49 0.09 0.23 0.01 0.00 0.00 98.99 7913500 7824016 89484 0.17 0.13 0.09 2119068 7004184 964 46863016 21281104 212344196 1909 2 20 5 0 1 1 1 1 1 0000001b 00000000 00000002 00000009 00000000 00000000 00000020 00000000
1346031030 4936.51 19623.43 0.00 0.49 0.09 0.23 0.01 0.00 0.00 99.00 7913500 7823956 89544 0.12 0.12 0.09 2119072 7004180 964 46863016 21281104 212344196 1909 2 20 5 0 1 1 1 1 1 0000001b 00000000 00000002 00000009 00000000 00000000 00000020 00000000
1346031050 4956.63 19703.43 0.00 0.49 0.09 0.23 0.01 0.00 0.00 99.00 7913500 7823948 89552 0.09 0.11 0.09 2119092 7004160 968 46863012 21281104 212344196 1909 2 20 5 0 1 1 1 1 1 0000001b 00000000 00000002 00000009 00000000 00000000 00000020 00000000
1346031070 4976.74 19783.60 0.00 0.49 0.09 0.23 0.01 0.00 0.00 99.00 7913500 7824436 89064 0.06 0.10 0.08 2119100 7004152 1008 46862972 21281104 212344196 1909 2 20 5 0 1 1 1 1 1 0000001b 00000000 00000002 00000009 00000000 00000000 00000020 00000000
1346031090 4996.86 19863.03 0.00 0.49 0.09 0.23 0.01 0.00 0.00 99.00 7913500 7823896 89604 0.04 0.09 0.08 2119116 7004136 1008 46862972 21281104 212344196 1909 2 20 5 0 1 1 1 1 1 0000001b 00000000 00000002 00000009 00000000 00000000 00000020 00000000
1346031110 5016.97 19943.19 0.00 0.49 0.09 0.23 0.01 0.00 0.00 99.00 7913500 7824260 89240 0.03 0.09 0.08 2119132 7004120 1008 46862972 21281104 212344196 1909 2 20 5 0 1 1 1 1 1 0000001b 00000000 00000002 00000009 00000000 00000000 00000020 00000000
1346031130 5037.09 20022.88 0.00 0.49 0.09 0.23 0.01 0.00 0.00 99.00 7913500 7824404 89096 0.02 0.08 0.08 2119140 7004112 1008 46862972 21281104 212344196 1909 2 20 5 0 1 1 1 1 1 0000001b 00000000 00000002 00000009 00000000 00000000 00000020 00000000
1346031150 5057.20 20103.20 0.00 0.48 0.09 0.23 0.01 0.00 0.00 99.00 7913500 7823692 89808 0.01 0.07 0.08 2119156 7004096 1020 46862960 21281104 212344196 1909 2 23 5 0 1 1 1 1 1 0000001b 00000000 00000002 00000009 00000000 00000000 00000020 00000000
1346031171 5077.32 20183.18 0.00 0.48 0.09 0.23 0.01 0.00 0.00 99.00 7913500 7824056 89444 0.01 0.07 0.07 2119172 7004080 1028 46862952 21281104 212344196 1909 2 25 5 0 1 1 1 1 1 0000001b 00000000 00000002 00000009 00000000 00000000 00000020 00000000
1346031191 5097.43 20263.02 0.00 0.48 0.09 0.23 0.01 0.00 0.00 99.00 7913500 7823924 89576 0.01 0.06 0.07 2119188 7004064 1028 46862952 21281104 212344196 1909 2 25 5 0 1 1 1 1 1 0000001b 00000000 00000002 00000009 00000000 00000000 00000020 00000000
1346031211 5117.55 20343.14 0.00 0.48 0.09 0.23 0.01 0.00 0.00 99.01 7913500 7824012 89488 0.00 0.06 0.07 2119204 7004048 1028 46862952 21281104 212344196 1909 2 25 5 0 1 1 1 1 1 0000001b 00000000 00000002 00000009 00000000 00000000 00000020 00000000
1346031231 5137.66 20423.01 0.00 0.48 0.09 0.23 0.01 0.00 0.00 99.01 7913500 7824260 89240 0.00 0.05 0.07 2119216 7004036 1028 46862952 21281104 212344196 1909 2 25 5 0 1 1 1 1 1 0000001b 00000000 00000002 00000009 00000000 00000000 00000020 00000000
1346031251 5157.78 20503.03 0.00 0.48 0.09 0.23 0.01 0.00 0.00 99.01 7913500 7824400 89100 0.00 0.05 0.07 2119232 7004020 1028 46862952 21281104 212344196 1909 2 25 5 0 1 1 1 1 1 0000001b 00000000 00000002 00000009 00000000 00000000 00000020 00000000
1346031271 5177.89 20582.84 0.00 0.48 0.09 0.23 0.01 0.00 0.00 99.01 7913500 7824276 89224 0.00 0.05 0.06 2119248 7004004 1028 46862952 21281104 212344196 1909 2 25 5 0 1 1 1 1 1 0000001b 00000000 00000002 00000009 00000000 00000000 00000020 00000000
1346031291 5198.01 20663.13 0.00 0.48 0.09 0.23 0.01 0.00 0.00 99.01 7913500 7824608 88892 0.00 0.04 0.06 2119264 7003988 1028 46862952 21281104 212344196 1909 2 25 5 0 1 1 1 1 1 0000001b 00000000 00000002 00000009 00000000 00000000 00000020 00000000
1346031311 5218.11 20743.05 0.00 0.48 0.09 0.23 0.01 0.00 0.00 99.01 7913500 7824616 88884 0.08 0.05 0.07 2119276 7003976 1028 46862952 21281104 212344196 1909 2 25 5 0 1 1 1 1 1 0000001b 00000000 00000002 00000009 00000000 00000000 00000020 00000000
1346031331 5238.23 20822.63 0.00 0.48 0.09 0.23 0.01 0.00 0.00 99.01 7913500 7824816 88684 0.06 0.05 0.06 2119292 7003960 1028 46862952 21281104 212344196 1909 2 25 5 0 1 1 1 1 1 0000001b 00000000 00000002 00000009 00000000 00000000 00000020 00000000
1346031352 5258.34 20902.38 0.00 0.48 0.09 0.23 0.01 0.00 0.00 99.01 7913500 7824560 88940 0.04 0.05 0.06 2119312 7003940 1028 46862952 21281104 212344196 1909 2 25 5 0 1 1 1 1 1 0000001b 00000000 00000002 00000009 00000000 00000000 00000020 00000000
1346031372 5278.45 20982.71 0.00 0.48 0.09 0.23 0.01 0.00 0.00 99.01 7913500 7824924 88576 0.03 0.04 0.06 2119324 7003928 1056 46862924 21281104 212344196 1909 2 25 5 0 1 1 1 1 1 0000001b 00000000 00000002 00000009 00000000 00000000 00000020 00000000
1346031392 5298.56 21062.61 0.00 0.48 0.09 0.23 0.01 0.00 0.00 99.01 7913500 7824916 88584 0.02 0.04 0.06 2119344 7003908 1072 46862908 21281104 212344196 1909 2 25 5 0 1 1 1 1 1 0000001b 00000000 00000002 00000009 00000000 00000000 00000020 00000000
1346031412 5318.68 21142.27 0.00 0.48 0.08 0.23 0.01 0.00 0.00 99.01 7913500 7824668 88832 0.01 0.04 0.06 2119356 7003896 1072 46862908 21281104 212344196 1909 2 25 5 0 1 1 1 1 1 0000001b 00000000 00000002 00000009 00000000 00000000 00000020 00000000
1346031432 5338.79 21222.71 0.00 0.48 0.08 0.23 0.01 0.00 0.00 99.02 7913500 7824892 88608 0.01 0.03 0.05 2119368 7003884 1072 46862908 21281104 212344196 1909 2 25 5 0 1 1 1 1 1 0000001b 00000000 00000002 00000009 00000000 00000000 00000020 00000000
1346031452 5358.91 21302.81 0.00 0.48 0.08 0.23 0.01 0.00 0.00 99.02 7913500 7824924 88576 0.00 0.03 0.05 2119392 7003860 1072 46862908 21281104 212344196 1909 2 25 5 0 1 1 1 1 1 0000001b 00000000 00000002 00000009 00000000 00000000 00000020 00000000
1346031472 5379.03 21383.19 0.00 0.48 0.08 0.23 0.01 0.00 0.00 99.02 7913500 7824932 88568 0.00 0.03 0.05 2119400 7003852 1072 46862908 21281104 212344196 1909 2 25 5 0 1 1 1 1 1 0000001b 00000000 00000002 00000009 00000000 00000000 00000020 00000000
1346031492 5399.14 21463.34 0.00 0.48 0.08 0.23 0.01 0.00 0.00 99.02 7913500 7825172 88328 0.00 0.02 0.05 2119424 7003828 1072 46862908 21281104 212344196 1909 2 25 5 0 1 1 1 1 1 0000001b 00000000 00000002 00000009 00000000 00000000 00000020 00000000
1346031512 5419.26 21543.61 0.00 0.47 0.08 0.23 0.01 0.00 0.00 99.02 7913500 7824784 88716 0.00 0.02 0.05 2119432 7003820 1072 46862908 21281104 212344196 1909 2 25 5 0 1 1 1 1 1 0000001b 00000000 00000002 00000009 00000000 00000000 00000020 00000000
1346031533 5439.37 21623.68 0.00 0.47 0.08 0.23 0.01 0.00 0.00 99.02 7913500 7824916 88584 0.00 0.02 0.04 2119448 7003804 1072 46862908 21281104 212344196 1909 2 25 5 0 1 1 1 1 1 0000001b 00000000 00000002 00000009 00000000 00000000 00000020 00000000
1346031553 5459.48 21704.08 0.00 0.47 0.08 0.23 0.01 0.00 0.00 99.02 7913500 7824932 88568 0.00 0.02 0.04 2119464 7003788 1072 46862908 21281104 212344196 1909 2 25 5 0 1 1 1 1 1 0000001b 00000000 00000002 00000009 00000000 00000000 00000020 00000000
1346031573 5479.60 21784.09 0.00 0.47 0.08 0.23 0.01 0.00 0.00 99.02 7913500 7824924 88576 0.00 0.02 0.04 2119480 7003772 1072 46862908 21281104 212344196 1909 2 25 5 0 1 1 1 1 1 0000001b 00000000 00000002 00000009 00000000 00000000 00000020 00000000
1346031593 5499.72 21864.18 0.00 0.47 0.08 0.23 0.01 0.00 0.00 99.02 7913500 7825420 88080 0.00 0.01 0.04 2119500 7003752 1072 46862908 21281104 212344196 1909 2 25 5 0 1 1 1 1 1 0000001b 00000000 00000002 00000009 00000000 00000000 00000020 00000000
1346031613 5519.83 21944.39 0.00 0.47 0.08 0.23 0.01 0.00 0.00 99.03 7913500 7825172 88328 0.00 0.01 0.04 2119512 7003740 1112 46862868 21281104 212344196 1909 2 25 5 0 1 1 1 1 1 0000001b 00000000 00000002 00000009 00000000 00000000 00000020 00000000
1346031633 5539.95 22024.31 0.00 0.47 0.08 0.23 0.01 0.00 0.00 99.03 7913500 7825420 88080 0.00 0.01 0.03 2119528 7003724 1112 46862868 21281104 212344196 1909 2 25 5 0 1 1 1 1 1 0000001b 00000000 00000002 00000009 00000000 00000000 00000020 00000000
1346031653 5560.06 22104.84 0.00 0.47 0.08 0.23 0.01 0.00 0.00 99.03 7913500 7825040 88460 0.28 0.07 0.05 2119540 7003712 1112 46862868 21281104 212344196 1909 2 25 5 0 1 1 1 1 1 0000001b 00000000 00000002 00000009 00000000 00000000 00000020 00000000
1346031673 5580.18 22185.02 0.00 0.47 0.08 0.23 0.01 0.00 0.00 99.03 7913500 7825032 88468 0.20 0.07 0.05 2119560 7003692 1112 46862868 21281104 212344196 1909 2 25 5 0 1 1 1 1 1 0000001b 00000000 00000002 00000009 00000000 00000000 00000020 00000000
1346031694 5600.29 22264.90 0.00 0.47 0.08 0.23 0.01 0.00 0.00 99.03 7913500 7825296 88204 0.14 0.06 0.05 2119572 7003680 1112 46862868 21281104 212344196 1909 2 25 5 0 1 1 1 1 1 0000001b 00000000 00000002 00000009 00000000 00000000 00000020 00000000
1346031714 5620.41 22345.03 0.00 0.47 0.08 0.23 0.01 0.00 0.00 99.03 7913500 7824776 88724 0.10 0.06 0.05 2119592 7003660 1116 46862864 21281104 212344196 1909 2 25 5 0 1 1 1 1 1 0000001b 00000000 00000002 00000009 00000000 00000000 00000020 00000000
1346031734 5640.52 22425.29 0.00 0.47 0.08 0.23 0.01 0.00 0.00 99.03 7913500 7825304 88196 0.07 0.05 0.05 2119604 7003648 1116 46862864 21281104 212344196 1909 2 25 5 0 1 1 1 1 1 0000001b 00000000 00000002 00000009 00000000 00000000 00000020 00000000
1346031754 5660.64 22505.64 0.00 0.47 0.08 0.23 0.01 0.00 0.00 99.03 7913500 7824932 88568 0.05 0.05 0.04 2119620 7003632 1116 46862864 21281104 212344196 1909 2 25 5 0 1 1 1 1 1 0000001b 00000000 00000002 00000009 00000000 00000000 00000020 00000000
1346031774 5680.75 22585.78 0.00 0.47 0.08 0.23 0.01 0.00 0.00 99.03 7913500 7825296 88204 0.04 0.05 0.04 2119636 7003616 1116 46862864 21281104 212344196 1909 2 25 5 0 1 1 1 1 1 0000001b 00000000 00000002 00000009 00000000 00000000 00000020 00000000
1346031794 5700.86 22666.28 0.00 0.47 0.08 0.23 0.01 0.00 0.00 99.03 7913500 7824916 88584 0.02 0.04 0.04 2119652 7003600 1116 46862864 21281104 212344196 1909 2 25 5 0 1 1 1 1 1 0000001b 00000000 00000002 00000009 00000000 00000000 00000020 00000000
1346031814 5720.98 22746.37 0.00 0.47 0.08 0.22 0.01 0.00 0.00 99.03 7913500 7825304 88196 0.02 0.04 0.04 2119668 7003584 1116 46862864 21281104 212344196 1909 2 25 5 0 1 1 1 1 1 0000001b 00000000 00000002 00000009 00000000 00000000 00000020 00000000
1346031834 5741.09 22826.77 0.00 0.47 0.08 0.22 0.01 0.00 0.00 99.04 7913500 7824892 88608 0.01 0.03 0.04 2119684 7003568 1140 46862840 21281104 212344196 1909 2 25 5 0 1 1 1 1 1 0000001b 00000000 00000002 00000009 00000000 00000000 00000020 00000000
1346031854 5761.20 22906.68 0.00 0.47 0.08 0.22 0.01 0.00 0.00 99.04 7913500 7824800 88700 0.01 0.03 0.03 2119700 7003552 1156 46862824 21281104 212344196 1909 2 25 5 0 1 1 1 1 1 0000001b 00000000 00000002 00000009 00000000 00000000 00000020 00000000
1346031875 5781.32 22986.83 0.00 0.47 0.08 0.22 0.01 0.00 0.00 99.04 7913500 7825420 88080 0.00 0.03 0.03 2119708 7003544 1156 46862824 21281104 212344196 1909 2 25 5 0 1 1 1 1 1 0000001b 00000000 00000002 00000009 00000000 00000000 00000020 00000000
1346031895 5801.43 23066.97 0.00 0.47 0.08 0.22 0.01 0.00 0.00 99.04 7913500 7825412 88088 0.00 0.03 0.03 2119732 7003520 1156 46862824 21281104 212344196 1909 2 25 5 0 1 1 1 1 1 0000001b 00000000 00000002 00000009 00000000 00000000 00000020 00000000
1346031915 5821.55 23147.34 0.00 0.47 0.08 0.22 0.01 0.00 0.00 99.04 7913500 7825800 87700 0.00 0.02 0.03 2119744 7003508 1156 46862824 21281104 212344196 1909 2 25 5 0 1 1 1 1 1 0000001b 00000000 00000002 00000009 00000000 00000000 00000020 00000000
1346031935 5841.67 23227.34 0.00 0.47 0.08 0.22 0.01 0.00 0.00 99.04 7913500 7825288 88212 0.00 0.02 0.03 2119760 7003492 1156 46862824 21281104 212344196 1909 2 25 5 0 1 1 1 1 1 0000001b 00000000 00000002 00000009 00000000 00000000 00000020 00000000
1346031955 5861.78 23306.96 0.00 0.47 0.08 0.23 0.01 0.00 0.00 99.04 7913500 7825164 88336 0.28 0.08 0.05 2119776 7003476 1156 46862824 21281104 212344196 1909 2 25 5 0 1 1 1 1 1 0000001b 00000000 00000002 00000009 00000000 00000000 00000020 00000000
1346031975 5881.90 23387.33 0.00 0.47 0.08 0.22 0.01 0.00 0.00 99.04 7913500 7825040 88460 0.30 0.11 0.05 2119788 7003464 1156 46862824 21281104 212344196 1909 2 25 5 0 1 1 1 1 1 0000001b 00000000 00000002 00000009 00000000 00000000 00000020 00000000
1346031995 5902.01 23466.82 0.00 0.47 0.08 0.23 0.01 0.00 0.00 99.04 7913500 7825560 87940 0.22 0.10 0.05 2119812 7003440 1156 46862824 21281104 212344196 1909 2 25 5 0 1 1 1 1 1 0000001b 00000000 00000002 00000009 00000000 00000000 00000020 00000000
1346032015 5922.13 23547.15 0.00 0.46 0.08 0.23 0.01 0.00 0.00 99.04 7913500 7825544 87956 0.16 0.09 0.05 2119820 7003432 1156 46862824 21281104 212344196 1909 2 25 5 0 1 1 1 1 1 0000001b 00000000 00000002 00000009 00000000 00000000 00000020 00000000
1346032035 5942.25 23627.39 0.00 0.46 0.08 0.23 0.01 0.00 0.00 99.04 7913500 7825288 88212 0.11 0.08 0.05 2119840 7003412 1160 46862820 21281104 212344196 1909 2 25 5 0 1 1 1 1 1 0000001b 00000000 00000002 00000009 00000000 00000000 00000020 00000000
1346032056 5962.36 23707.74 0.00 0.46 0.08 0.22 0.01 0.00 0.00 99.04 7913500 7825536 87964 0.08 0.08 0.05 2119856 7003396 1160 46862820 21281104 212344196 1909 2 25 5 0 1 1 1 1 1 0000001b 00000000 00000002 00000009 00000000 00000000 00000020 00000000
1346032076 5982.48 23787.52 0.00 0.46 0.08 0.22 0.01 0.00 0.00 99.05 7913500 7825792 87708 0.06 0.07 0.04 2119868 7003384 1200 46862780 21281104 212344196 1909 2 25 5 0 1 1 1 1 1 0000001b 00000000 00000002 00000009 00000000 00000000 00000020 00000000
1346032096 6002.59 23867.47 0.00 0.46 0.08 0.22 0.01 0.00 0.00 99.05 7913500 7833404 80096 0.04 0.07 0.04 2119884 7003368 1200 46862780 21470076 212155224 1927 2 25 5 0 1 1 1 1 1 0000001d 00000001 00000000 00000009 00000012 00000000 00000023 00000000
1346032116 6022.72 23943.30 0.00 0.47 0.08 0.22 0.01 0.00 0.00 99.03 7913500 7822236 91264 0.03 0.06 0.04 2119920 7003332 1200 46862780 23504312 210120988 2109 2 25 5 0 1 1 1 1 1 0000001f 00000000 00000001 0000000a 00000000 00000000 00000025 00000000
1346032136 6042.84 24018.49 0.00 0.49 0.09 0.22 0.01 0.00 0.00 99.00 7913500 7855896 57604 0.08 0.07 0.04 2119952 7003300 1200 46862780 25727524 207897776 2309 2 25 5 0 1 1 1 1 1 00000021 00000000 00000001 0000000b 00000000 00000000 00000027 00000000
1346032156 6062.96 24094.03 0.00 0.50 0.09 0.22 0.01 0.00 0.00 98.98 7913500 7841244 72256 0.28 0.12 0.06 2119988 7003264 1212 46862768 28106356 205518944 2523 2 28 5 0 1 1 1 1 1 00000023 00000001 00000002 0000000b 0000006b 00000000 00000029 00000000
1346032176 6083.09 24173.40 0.00 0.50 0.09 0.22 0.02 0.00 0.00 98.98 7913500 7845952 67548 0.20 0.11 0.06 2120008 7003244 1220 46862760 28373140 205252160 2547 2 30 5 0 1 1 1 1 1 00000024 00000000 00000002 0000000c 00000000 00000000 0000002a 00000000
1346032196 6103.21 24253.34 0.00 0.50 0.09 0.23 0.02 0.00 0.00 98.98 7913500 7845812 67688 0.14 0.10 0.05 2120016 7003236 1220 46862760 28373140 205252160 2547 2 30 5 0 1 1 1 1 1 00000024 00000000 00000002 0000000c 00000000 00000000 0000002a 00000000
1346032217 6123.32 24333.45 0.00 0.50 0.09 0.23 0.02 0.00 0.00 98.98 7913500 7845688 67812 0.10 0.09 0.05 2120028 7003224 1220 46862760 28373140 205252160 2547 2 30 5 0 1 1 1 1 1 00000024 00000000 00000002 0000000c 00000000 00000000 0000002a 00000000
1346032237 6143.45 24413.83 0.00 0.50 0.09 0.23 0.02 0.00 0.00 98.98 7913500 7845688 67812 0.07 0.09 0.05 2120040 7003212 1220 46862760 28373140 205252160 2547 2 30 5 0 1 1 1 1 1 00000024 00000000 00000002 0000000c 00000000 00000000 0000002a 00000000
1346032257 6163.56 24493.92 0.00 0.49 0.09 0.23 0.02 0.00 0.00 98.98 7913500 7845788 67712 0.05 0.08 0.05 2120052 7003200 1220 46862760 28373140 205252160 2547 2 30 5 0 1 1 1 1 1 00000024 00000000 00000002 0000000c 00000000 00000000 0000002a 00000000
1346032277 6183.68 24574.01 0.00 0.49 0.09 0.23 0.02 0.00 0.00 98.98 7913500 7845812 67688 0.04 0.07 0.05 2120064 7003188 1220 46862760 28373140 205252160 2547 2 30 5 0 1 1 1 1 1 00000024 00000000 00000002 0000000c 00000000 00000000 0000002a 00000000
1346032297 6203.79 24653.83 0.00 0.49 0.09 0.23 0.01 0.00 0.00 98.99 7913500 7846060 67440 0.02 0.07 0.04 2120076 7003176 1220 46862760 28373140 205252160 2547 2 30 5 0 1 1 1 1 1 00000024 00000000 00000002 0000000c 00000000 00000000 0000002a 00000000
1346032317 6223.91 24733.96 0.00 0.49 0.09 0.23 0.01 0.00 0.00 98.99 7913500 7845936 67564 0.10 0.08 0.05 2120080 7003172 1220 46862760 28373140 205252160 2547 2 30 5 0 1 1 1 1 1 00000024 00000000 00000002 0000000c 00000000 00000000 0000002a 00000000
1346032337 6244.02 24814.22 0.00 0.49 0.09 0.23 0.01 0.00 0.00 98.99 7913500 7845456 68044 0.35 0.14 0.07 2120096 7003156 1220 46862760 28373140 205252160 2547 2 30 5 0 1 1 1 1 1 00000024 00000000 00000002 0000000c 00000000 00000000 0000002a 00000000
1346032357 6264.14 24894.59 0.00 0.49 0.09 0.23 0.01 0.00 0.00 98.99 7913500 7845812 67688 0.25 0.13 0.07 2120104 7003148 1224 46862756 28373140 205252160 2547 2 30 5 0 1 1 1 1 1 00000024 00000000 00000002 0000000c 00000000 00000000 0000002a 00000000
1346032377 6284.26 24974.98 0.00 0.49 0.09 0.22 0.01 0.00 0.00 98.99 7913500 7845928 67572 0.18 0.12 0.06 2120116 7003136 1248 46862732 28373140 205252160 2547 2 30 5 0 1 1 1 1 1 00000024 00000000 00000002 0000000c 00000000 00000000 0000002a 00000000
1346032398 6304.38 25055.16 0.00 0.49 0.09 0.22 0.01 0.00 0.00 98.99 7913500 7845680 67820 0.13 0.11 0.06 2120132 7003120 1264 46862716 28373140 205252160 2547 2 30 5 0 1 1 1 1 1 00000024 00000000 00000002 0000000c 00000000 00000000 0000002a 00000000
1346032418 6324.50 25135.15 0.00 0.49 0.09 0.22 0.01 0.00 0.00 98.99 7913500 7845836 67664 0.09 0.10 0.06 2120136 7003116 1264 46862716 28373140 205252160 2547 2 30 5 0 1 1 1 1 1 00000024 00000000 00000002 0000000c 00000000 00000000 0000002a 00000000
1346032438 6344.61 25215.31 0.00 0.49 0.09 0.22 0.01 0.00 0.00 99.00 7913500 7845628 67872 0.06 0.09 0.06 2120148 7003104 1264 46862716 28373140 205252160 2547 2 30 5 0 1 1 1 1 1 00000024 00000000 00000002 0000000c 00000000 00000000 0000002a 00000000
1346032458 6364.73 25295.86 0.00 0.49 0.09 0.22 0.01 0.00 0.00 99.00 7913500 7845688 67812 0.05 0.09 0.06 2120160 7003092 1264 46862716 28373140 205252160 2547 2 30 5 0 1 1 1 1 1 00000024 00000000 00000002 0000000c 00000000 00000000 0000002a 00000000
1346032478 6384.85 25376.15 0.00 0.49 0.09 0.22 0.01 0.00 0.00 99.00 7913500 7845688 67812 0.03 0.08 0.05 2120168 7003084 1264 46862716 28373140 205252160 2547 2 30 5 0 1 1 1 1 1 00000024 00000000 00000002 0000000c 00000000 00000000 0000002a 00000000
1346032498 6404.96 25456.98 0.00 0.49 0.09 0.22 0.01 0.00 0.00 99.00 7913500 7845628 67872 0.02 0.07 0.05 2120180 7003072 1264 46862716 28373140 205252160 2547 2 30 5 0 1 1 1 1 1 00000024 00000000 00000002 0000000c 00000000 00000000 0000002a 00000000
1346032518 6425.08 25537.24 0.00 0.49 0.09 0.22 0.01 0.00 0.00 99.00 7913500 7845860 67640 0.02 0.07 0.05 2120192 7003060 1264 46862716 28373140 205252160 2547 2 30 5 0 1 1 1 1 1 00000024 00000000 00000002 0000000c 00000000 00000000 0000002a 00000000
1346032538 6445.20 25617.18 0.00 0.49 0.09 0.22 0.01 0.00 0.00 99.00 7913500 7845548 67952 0.01 0.06 0.05 2120200 7003052 1264 46862716 28373140 205252160 2547 2 30 5 0 1 1 1 1 1 00000024 00000000 00000002 0000000c 00000000 00000000 0000002a 00000000
1346032559 6465.32 25697.87 0.00 0.49 0.09 0.22 0.01 0.00 0.00 99.00 7913500 7846176 67324 0.01 0.06 0.05 2120216 7003036 1264 46862716 28373140 205252160 2547 2 30 5 0 1 1 1 1 1 00000024 00000000 00000002 0000000c 00000000 00000000 0000002a 00000000
1346032579 6485.44 25778.01 0.00 0.49 0.09 0.22 0.01 0.00 0.00 99.01 7913500 7846052 67448 0.00 0.05 0.04 2120220 7003032 1264 46862716 28373140 205252160 2547 2 30 5 0 1 1 1 1 1 00000024 00000000 00000002 0000000c 00000000 00000000 0000002a 00000000
1346032599 6505.55 25858.61 0.00 0.49 0.09 0.22 0.01 0.00 0.00 99.01 7913500 7846052 67448 0.00 0.05 0.04 2120236 7003016 1264 46862716 28373140 205252160 2547 2 30 5 0 1 1 1 1 1 00000024 00000000 00000002 0000000c 00000000 00000000 0000002a 00000000
1346032619 6525.66 25938.51 0.00 0.49 0.09 0.22 0.01 0.00 0.00 99.01 7913500 7846300 67200 0.00 0.05 0.04 2120248 7003004 1288 46862692 28373140 205252160 2547 2 30 5 0 1 1 1 1 1 00000024 00000000 00000002 0000000c 00000000 00000000 0000002a 00000000
1346032639 6545.79 26018.86 0.00 0.49 0.09 0.22 0.01 0.00 0.00 99.01 7913500 7845944 67556 0.00 0.04 0.04 2120256 7002996 1304 46862676 28373140 205252160 2547 2 30 5 0 1 1 1 1 1 00000024 00000000 00000002 0000000c 00000000 00000000 0000002a 00000000
1346032659 6565.90 26099.29 0.00 0.49 0.09 0.22 0.01 0.00 0.00 99.01 7913500 7845944 67556 0.00 0.04 0.04 2120268 7002984 1304 46862676 28373140 205252160 2547 2 30 5 0 1 1 1 1 1 00000024 00000000 00000002 0000000c 00000000 00000000 0000002a 00000000
1346032679 6586.01 26179.21 0.00 0.49 0.09 0.22 0.01 0.00 0.00 99.01 7913500 7846000 67500 0.00 0.03 0.03 2120276 7002976 1304 46862676 28373140 205252160 2547 2 30 5 0 1 1 1 1 1 00000024 00000000 00000002 0000000c 00000000 00000000 0000002a 00000000
1346032699 6606.14 26260.10 0.00 0.48 0.09 0.22 0.01 0.00 0.00 99.01 7913500 7845936 67564 0.00 0.03 0.03 2120292 7002960 1308 46862672 28373140 205252160 2547 2 30 5 0 1 1 1 1 1 00000024 00000000 00000002 0000000c 00000000 00000000 0000002a 00000000
1346032719 6626.25 26340.29 0.00 0.48 0.09 0.22 0.01 0.00 0.00 99.01 7913500 7845564 67936 0.00 0.03 0.03 2120296 7002956 1308 46862672 28373140 205252160 2547 2 30 5 0 1 1 1 1 1 00000024 00000000 00000002 0000000c 00000000 00000000 0000002a 00000000
1346032740 6646.37 26420.91 0.00 0.48 0.09 0.22 0.01 0.00 0.00 99.01 7913500 7846296 67204 0.00 0.03 0.03 2120308 7002944 1308 46862672 28373140 205252160 2547 2 30 5 0 1 1 1 1 1 00000024 00000000 00000002 0000000c 00000000 00000000 0000002a 00000000
1346032760 6666.48 26500.71 0.00 0.48 0.09 0.22 0.01 0.00 0.00 99.02 7913500 7846052 67448 0.00 0.02 0.03 2120320 7002932 1308 46862672 28373140 205252160 2547 2 30 5 0 1 1 1 1 1 00000024 00000000 00000002 0000000c 00000000 00000000 0000002a 00000000
1346032780 6686.60 26580.82 0.00 0.48 0.09 0.22 0.01 0.00 0.00 99.02 7913500 7846176 67324 0.00 0.02 0.02 2120328 7002924 1308 46862672 28373140 205252160 2547 2 30 5 0 1 1 1 1 1 00000024 00000000 00000002 0000000c 00000000 00000000 0000002a 00000000
1346032800 6706.72 26661.60 0.00 0.48 0.09 0.22 0.01 0.00 0.00 99.02 7913500 7845920 67580 0.22 0.07 0.04 2120344 7002908 1308 46862672 28373140 205252160 2547 2 30 5 0 1 1 1 1 1 00000024 00000000 00000002 0000000c 00000000 00000000 0000002a 00000000
1346032820 6726.84 26741.56 0.00 0.48 0.09 0.22 0.01 0.00 0.00 99.02 7913500 7846044 67456 0.29 0.10 0.05 2120352 7002900 1308 46862672 28373140 205252160 2547 2 30 5 0 1 1 1 1 1 00000024 00000000 00000002 0000000c 00000000 00000000 0000002a 00000000
1346032840 6746.96 26821.51 0.00 0.48 0.09 0.22 0.01 0.00 0.00 99.02 7913500 7846160 67340 0.20 0.09 0.05 2120360 7002892 1324 46862656 28373140 205252160 2547 2 30 5 0 1 1 1 1 1 00000024 00000000 00000002 0000000c 00000000 00000000 0000002a 00000000
1346032860 6767.07 26901.49 0.00 0.48 0.09 0.22 0.01 0.00 0.00 99.02 7913500 7845936 67564 0.15 0.08 0.04 2120376 7002876 1348 46862632 28373140 205252160 2547 2 30 5 0 1 1 1 1 1 00000024 00000000 00000002 0000000c 00000000 00000000 0000002a 00000000
1346032880 6787.20 26981.17 0.00 0.48 0.08 0.22 0.01 0.00 0.00 99.02 7913500 7846284 67216 0.10 0.08 0.04 2120384 7002868 1348 46862632 28373140 205252160 2547 2 30 5 0 1 1 1 1 1 00000024 00000000 00000002 0000000c 00000000 00000000 0000002a 00000000
1346032901 6807.31 27061.47 0.00 0.48 0.08 0.22 0.01 0.00 0.00 99.02 7913500 7846192 67308 0.07 0.07 0.04 2120396 7002856 1348 46862632 28373140 205252160 2547 2 30 5 0 1 1 1 1 1 00000024 00000000 00000002 0000000c 00000000 00000000 0000002a 00000000
1346032921 6827.44 27141.74 0.00 0.48 0.08 0.22 0.01 0.00 0.00 99.02 7913500 7846036 67464 0.05 0.06 0.04 2120408 7002844 1348 46862632 28373140 205252160 2547 2 30 5 0 1 1 1 1 1 00000024 00000000 00000002 0000000c 00000000 00000000 0000002a 00000000
1346032941 6847.55 27221.88 0.00 0.48 0.08 0.22 0.01 0.00 0.00 99.02 7913500 7846176 67324 0.04 0.06 0.04 2120412 7002840 1348 46862632 28373140 205252160 2547 2 30 5 0 1 1 1 1 1 00000024 00000000 00000002 0000000c 00000000 00000000 0000002a 00000000
1346032961 6867.68 27301.69 0.00 0.48 0.08 0.22 0.01 0.00 0.00 99.02 7913500 7846300 67200 0.02 0.05 0.03 2120432 7002820 1348 46862632 28373140 205252160 2547 2 30 5 0 1 1 1 1 1 00000024 00000000 00000002 0000000c 00000000 00000000 0000002a 00000000
1346032981 6887.79 27382.00 0.00 0.48 0.08 0.22 0.01 0.00 0.00 99.02 7913500 7846176 67324 0.02 0.05 0.03 2120436 7002816 1348 46862632 28373140 205252160 2547 2 30 5 0 1 1 1 1 1 00000024 00000000 00000002 0000000c 00000000 00000000 0000002a 00000000
1346033001 6907.91 27462.27 0.00 0.48 0.08 0.22 0.01 0.00 0.00 99.02 7913500 7846308 67192 0.09 0.06 0.04 2120448 7002804 1348 46862632 28373140 205252160 2547 2 30 5 0 1 1 1 1 1 00000024 00000000 00000002 0000000c 00000000 00000000 0000002a 00000000
1346033021 6928.03 27542.40 0.00 0.48 0.08 0.22 0.01 0.00 0.00 99.02 7913500 7846432 67068 0.27 0.11 0.05 2120460 7002792 1352 46862628 28373140 205252160 2547 2 30 5 0 1 1 1 1 1 00000024 00000000 00000002 0000000c 00000000 00000000 0000002a 00000000
1346033041 6948.15 27622.45 0.00 0.48 0.08 0.22 0.01 0.00 0.00 99.02 7913500 7846300 67200 0.19 0.10 0.05 2120468 7002784 1352 46862628 28373140 205252160 2547 2 30 5 0 1 1 1 1 1 00000024 00000000 00000002 0000000c 00000000 00000000 0000002a 00000000
1346033062 6968.27 27702.67 0.00 0.48 0.08 0.22 0.01 0.00 0.00 99.03 7913500 7845912 67588 0.14 0.09 0.05 2120484 7002768 1352 46862628 28373140 205252160 2547 2 30 5 0 1 1 1 1 1 00000024 00000000 00000002 0000000c 00000000 00000000 0000002a 00000000
1346033082 6988.39 27782.63 0.00 0.48 0.08 0.22 0.01 0.00 0.00 99.03 7913500 7846416 67084 0.10 0.08 0.04 2120492 7002760 1376 46862604 28373140 205252160 2547 2 30 5 0 1 1 1 1 1 00000024 00000000 00000002 0000000c 00000000 00000000 0000002a 00000000
1346033102 7008.51 27863.17 0.00 0.48 0.08 0.22 0.01 0.00 0.00 99.03 7913500 7846680 66820 0.07 0.08 0.04 2120504 7002748 1392 46862588 28373140 205252160 2547 2 30 5 0 1 1 1 1 1 00000024 00000000 00000002 0000000c 00000000 00000000 0000002a 00000000
1346033122 7028.63 27943.20 0.00 0.48 0.08 0.22 0.01 0.00 0.00 99.03 7913500 7846184 67316 0.05 0.07 0.04 2120516 7002736 1392 46862588 28373140 205252160 2547 2 30 5 0 1 1 1 1 1 00000024 00000000 00000002 0000000c 00000000 00000000 0000002a 00000000
1346033142 7048.75 28023.33 0.00 0.48 0.08 0.22 0.01 0.00 0.00 99.03 7913500 7846432 67068 0.03 0.07 0.04 2120524 7002728 1392 46862588 28373140 205252160 2547 2 30 5 0 1 1 1 1 1 00000024 00000000 00000002 0000000c 00000000 00000000 0000002a 00000000
1346033162 7068.87 28103.68 0.00 0.48 0.08 0.22 0.01 0.00 0.00 99.03 7913500 7846152 67348 0.02 0.06 0.04 2120536 7002716 1400 46862580 28373140 205252160 2547 2 32 5 0 1 1 1 1 1 00000024 00000000 00000002 0000000c 00000000 00000000 0000002a 00000000
1346033182 7088.98 28183.79 0.00 0.48 0.08 0.22 0.01 0.00 0.00 99.03 7913500 7846432 67068 0.02 0.06 0.03 2120552 7002700 1412 46862568 28373140 205252160 2547 2 35 5 0 1 1 1 1 1 00000024 00000000 00000002 0000000c 00000000 00000000 0000002a 00000000
1346033202 7109.10 28264.28 0.00 0.48 0.08 0.22 0.01 0.00 0.00 99.03 7913500 7846176 67324 0.01 0.05 0.03 2120560 7002692 1412 46862568 28373140 205252160 2547 2 35 5 0 1 1 1 1 1 00000024 00000000 00000002 0000000c 00000000 00000000 0000002a 00000000
1346033222 7129.22 28343.96 0.00 0.47 0.08 0.22 0.01 0.00 0.00 99.03 7913500 7846300 67200 0.07 0.06 0.04 2120572 7002680 1412 46862568 28373140 205252160 2547 2 35 5 0 1 1 1 1 1 00000024 00000000 00000002 0000000c 00000000 00000000 0000002a 00000000
1346033243 7149.33 28424.06 0.00 0.47 0.08 0.22 0.01 0.00 0.00 99.03 7913500 7846812 66688 0.25 0.11 0.05 2120584 7002668 1412 46862568 28373140 205252160 2547 2 35 5 0 1 1 1 1 1 00000024 00000000 00000002 0000000c 00000000 00000000 0000002a 00000000
1346033263 7169.45 28504.16 0.00 0.47 0.08 0.22 0.01 0.00 0.00 99.03 7913500 7846936 66564 0.16 0.10 0.05 2120600 7002652 1412 46862568 28373140 205252160 2547 2 35 5 0 1 1 1 1 1 00000024 00000000 00000002 0000000c 00000000 00000000 0000002a 00000000
1346033283 7189.56 28584.25 0.00 0.47 0.08 0.22 0.01 0.00 0.00 99.03 7913500 7846324 67176 0.12 0.09 0.05 2120612 7002640 1412 46862568 28373140 205252160 2547 2 35 5 0 1 1 1 1 1 00000024 00000000 00000002 0000000c 00000000 00000000 0000002a 00000000
1346033303 7209.68 28664.57 0.00 0.47 0.08 0.22 0.01 0.00 0.00 99.04 7913500 7846432 67068 0.08 0.08 0.04 2120628 7002624 1412 46862568 28373140 205252160 2547 2 35 5 0 1 1 1 1 1 00000024 00000000 00000002 0000000c 00000000 00000000 0000002a 00000000
1346033323 7229.80 28744.47 0.00 0.47 0.08 0.22 0.01 0.00 0.00 99.04 7913500 7846440 67060 0.06 0.08 0.04 2120640 7002612 1412 46862568 28373140 205252160 2547 2 35 5 0 1 1 1 1 1 00000024 00000000 00000002 0000000c 00000000 00000000 0000002a 00000000
