1346026103 9.72 32.95 0.00 8.68 2.49 0.03 0.26 0.00 0.00 87.19 7913500 5369908 2543592 0.80 0.17 0.05 2115668 7007584 64 46863916 60632 233564668 0 1 0 0 0 1 1 1 1 1 00000000 00000000 00000000 00000000 00000000 00000000 00000000 00000000
1346026123 29.84 112.83 0.00 3.10 0.92 0.18 0.10 0.00 0.00 95.11 7913500 5406360 2507140 0.65 0.17 0.06 2115720 7007532 68 46863912 60632 233564668 0 1 0 5 0 1 1 1 1 1 00000000 00000000 00000002 00000000 00000000 00000000 00000001 00000000
1346026143 49.90 191.01 0.00 2.25 1.05 0.39 0.09 0.00 0.00 95.77 7913500 6199648 1713852 0.46 0.16 0.06 2115736 7007516 68 46863912 834072 232791228 70 1 0 5 0 1 1 1 1 1 00000002 00000001 00000000 00000000 00000046 00000000 00000005 00000000
1346026163 69.98 266.96 0.00 2.27 1.48 0.38 0.15 0.00 0.00 95.25 7913500 7845132 68368 0.56 0.20 0.07 2115772 7007480 68 46863912 2839632 230785668 250 1 0 5 0 1 1 1 1 1 00000005 00000001 00000001 00000001 00000038 00000000 00000008 00000000
1346026183 90.10 341.95 0.00 2.65 1.62 0.40 0.18 0.00 0.00 94.57 7913500 7821980 91520 0.47 0.20 0.07 2115800 7007452 68 46863912 4918324 228706976 437 1 0 5 0 1 1 1 1 1 00000008 00000001 00000002 00000002 00000015 00000000 0000000b 00000000
1346026203 110.18 416.66 0.00 2.99 1.62 0.44 0.22 0.00 0.00 94.09 7913500 7845140 68360 0.89 0.31 0.11 2115836 7007416 68 46863912 7119292 226506008 635 1 0 5 0 1 1 1 1 1 00000009 00000000 00000002 00000003 00000000 00000000 0000000c 00000000
1346026224 130.30 496.18 0.00 2.64 1.46 0.42 0.19 0.00 0.00 94.75 7913500 7845644 67856 0.70 0.31 0.11 2115848 7007404 68 46863912 7119292 226506008 635 1 0 5 0 1 1 1 1 1 00000009 00000000 00000002 00000003 00000000 00000000 0000000c 00000000
1346026244 150.41 576.29 0.00 2.33 1.27 0.39 0.16 0.00 0.00 95.36 7913500 7845784 67716 0.72 0.35 0.13 2115864 7007388 68 46863912 7119292 226506008 635 1 0 5 0 1 1 1 1 1 00000009 00000000 00000002 00000003 00000000 00000000 0000000c 00000000
1346026264 170.52 656.34 0.00 2.09 1.12 0.39 0.14 0.00 0.00 95.80 7913500 7845660 67840 0.51 0.32 0.13 2115884 7007368 68 46863912 7119292 226506008 635 1 0 5 0 1 1 1 1 1 00000009 00000000 00000002 00000003 00000000 00000000 0000000c 00000000
1346026284 190.63 736.24 0.00 1.90 1.00 0.40 0.13 0.00 0.00 96.13 7913500 7845792 67708 0.37 0.30 0.12 2115892 7007360 68 46863912 7119292 226506008 635 1 0 5 0 1 1 1 1 1 00000009 00000000 00000002 00000003 00000000 00000000 0000000c 00000000
1346026304 210.74 816.34 0.00 1.76 0.90 0.41 0.12 0.00 0.00 96.40 7913500 7845668 67832 0.26 0.28 0.12 2115904 7007348 68 46863912 7119292 226506008 635 1 0 5 0 1 1 1 1 1 00000009 00000000 00000002 00000003 00000000 00000000 0000000c 00000000
1346026324 230.86 896.14 0.00 1.64 0.83 0.42 0.11 0.00 0.00 96.62 7913500 7846164 67336 0.19 0.26 0.11 2115920 7007332 68 46863912 7119292 226506008 635 1 0 5 0 1 1 1 1 1 00000009 00000000 00000002 00000003 00000000 00000000 0000000c 00000000
1346026344 250.97 976.12 0.00 1.53 0.76 0.40 0.10 0.00 0.00 96.84 7913500 7845536 67964 0.13 0.24 0.11 2115932 7007320 108 46863872 7119292 226506008 635 1 0 5 0 1 1 1 1 1 00000009 00000000 00000002 00000003 00000000 00000000 0000000c 00000000
1346026364 271.08 1056.37 0.00 1.44 0.70 0.38 0.09 0.00 0.00 97.02 7913500 7846164 67336 0.09 0.23 0.11 2115944 7007308 108 46863872 7119292 226506008 635 1 0 5 0 1 1 1 1 1 00000009 00000000 00000002 00000003 00000000 00000000 0000000c 00000000
1346026384 291.19 1136.97 0.00 1.37 0.65 0.36 0.08 0.00 0.00 97.19 7913500 7845784 67716 0.07 0.21 0.10 2115960 7007292 108 46863872 7119292 226506008 635 1 0 5 0 1 1 1 1 1 00000009 00000000 00000002 00000003 00000000 00000000 0000000c 00000000
1346026405 311.30 1216.46 0.00 1.30 0.61 0.34 0.08 0.00 0.00 97.33 7913500 7845680 67820 0.05 0.20 0.10 2115968 7007284 108 46863872 7119292 226506008 635 1 0 5 0 1 1 1 1 1 00000009 00000000 00000002 00000003 00000000 00000000 0000000c 00000000
1346026425 331.41 1296.79 0.00 1.24 0.58 0.33 0.07 0.00 0.00 97.45 7913500 7845932 67568 0.03 0.18 0.10 2115984 7007268 108 46863872 7119292 226506008 635 1 0 5 0 1 1 1 1 1 00000009 00000000 00000002 00000003 00000000 00000000 0000000c 00000000
1346026445 351.52 1376.83 0.00 1.18 0.54 0.33 0.07 0.00 0.00 97.55 7913500 7845900 67600 0.02 0.17 0.09 2115996 7007256 112 46863868 7119292 226506008 635 1 0 5 0 1 1 1 1 1 00000009 00000000 00000002 00000003 00000000 00000000 0000000c 00000000
1346026465 371.62 1457.21 0.00 1.14 0.51 0.32 0.07 0.00 0.00 97.65 7913500 7845884 67616 0.02 0.16 0.09 2116008 7007244 112 46863868 7119292 226506008 635 1 0 5 0 1 1 1 1 1 00000009 00000000 00000002 00000003 00000000 00000000 0000000c 00000000
1346026485 391.73 1537.14 0.00 1.09 0.49 0.33 0.06 0.00 0.00 97.72 7913500 7846040 67460 0.01 0.15 0.09 2116024 7007228 112 46863868 7119292 226506008 635 1 0 5 0 1 1 1 1 1 00000009 00000000 00000002 00000003 00000000 00000000 0000000c 00000000
1346026505 411.84 1617.61 0.00 1.05 0.46 0.33 0.06 0.00 0.00 97.80 7913500 7845792 67708 0.01 0.14 0.08 2116032 7007220 112 46863868 7119292 226506008 635 1 0 5 0 1 1 1 1 1 00000009 00000000 00000002 00000003 00000000 00000000 0000000c 00000000
1346026525 431.95 1697.50 0.00 1.02 0.44 0.33 0.06 0.00 0.00 97.87 7913500 7846172 67328 0.00 0.13 0.08 2116052 7007200 112 46863868 7119292 226506008 635 1 0 5 0 1 1 1 1 1 00000009 00000000 00000002 00000003 00000000 00000000 0000000c 00000000
1346026545 452.05 1777.37 0.00 0.98 0.42 0.33 0.05 0.00 0.00 97.92 7913500 7846040 67460 0.00 0.12 0.08 2116064 7007188 112 46863868 7119292 226506008 635 1 0 5 0 1 1 1 1 1 00000009 00000000 00000002 00000003 00000000 00000000 0000000c 00000000
1346026565 472.16 1857.29 0.00 0.96 0.40 0.32 0.05 0.00 0.00 97.98 7913500 7846164 67336 0.00 0.11 0.08 2116080 7007172 152 46863828 7119292 226506008 635 1 0 5 0 1 1 1 1 1 00000009 00000000 00000002 00000003 00000000 00000000 0000000c 00000000
1346026586 492.27 1937.47 0.00 0.94 0.39 0.32 0.05 0.00 0.00 98.03 7913500 7846156 67344 0.00 0.10 0.08 2116088 7007164 152 46863828 7119292 226506008 635 1 0 5 0 1 1 1 1 1 00000009 00000000 00000002 00000003 00000000 00000000 0000000c 00000000
1346026606 512.37 2018.07 0.00 0.91 0.37 0.32 0.05 0.00 0.00 98.08 7913500 7845892 67608 0.00 0.09 0.08 2116100 7007152 152 46863828 7119292 226506008 635 1 0 5 0 1 1 1 1 1 00000009 00000000 00000002 00000003 00000000 00000000 0000000c 00000000
1346026626 532.48 2097.95 0.00 0.89 0.36 0.33 0.05 0.00 0.00 98.11 7913500 7846288 67212 0.00 0.09 0.07 2116112 7007140 152 46863828 7119292 226506008 635 1 0 5 0 1 1 1 1 1 00000009 00000000 00000002 00000003 00000000 00000000 0000000c 00000000
1346026646 552.59 2178.56 0.00 0.88 0.35 0.33 0.04 0.00 0.00 98.15 7913500 7845784 67716 0.00 0.08 0.07 2116124 7007128 152 46863828 7119292 226506008 635 1 0 5 0 1 1 1 1 1 00000009 00000000 00000002 00000003 00000000 00000000 0000000c 00000000
1346026666 572.69 2258.37 0.00 0.86 0.33 0.33 0.04 0.00 0.00 98.19 7913500 7846040 67460 0.00 0.07 0.07 2116140 7007112 152 46863828 7119292 226506008 635 1 0 5 0 1 1 1 1 1 00000009 00000000 00000002 00000003 00000000 00000000 0000000c 00000000
1346026686 592.80 2339.20 0.00 0.84 0.32 0.32 0.04 0.00 0.00 98.23 7913500 7846388 67112 0.00 0.07 0.07 2116152 7007100 152 46863828 7119292 226506008 635 1 0 5 0 1 1 1 1 1 00000009 00000000 00000002 00000003 00000000 00000000 0000000c 00000000
1346026706 612.90 2419.69 0.00 0.82 0.31 0.31 0.04 0.00 0.00 98.27 7913500 7845752 67748 0.00 0.06 0.07 2116168 7007084 152 46863828 7119292 226506008 635 1 0 5 0 1 1 1 1 1 00000009 00000000 00000002 00000003 00000000 00000000 0000000c 00000000
1346026726 633.01 2500.21 0.00 0.81 0.30 0.31 0.04 0.00 0.00 98.30 7913500 7846404 67096 0.00 0.06 0.06 2116180 7007072 152 46863828 7119292 226506008 635 1 0 5 0 1 1 1 1 1 00000009 00000000 00000002 00000003 00000000 00000000 0000000c 00000000
1346026746 653.12 2580.12 0.00 0.79 0.29 0.31 0.04 0.00 0.00 98.33 7913500 7846660 66840 0.00 0.05 0.06 2116188 7007064 152 46863828 7119292 226506008 635 1 0 5 0 1 1 1 1 1 00000009 00000000 00000002 00000003 00000000 00000000 0000000c 00000000
1346026766 673.22 2660.06 0.00 0.78 0.28 0.31 0.04 0.00 0.00 98.35 7913500 7846288 67212 0.00 0.05 0.06 2116208 7007044 152 46863828 7119292 226506008 635 1 0 5 0 1 1 1 1 1 00000009 00000000 00000002 00000003 00000000 00000000 0000000c 00000000
1346026787 693.33 2740.47 0.00 0.77 0.27 0.31 0.04 0.00 0.00 98.38 7913500 7846388 67112 0.00 0.05 0.06 2116220 7007032 156 46863824 7119292 226506008 635 1 0 5 0 1 1 1 1 1 00000009 00000000 00000002 00000003 00000000 00000000 0000000c 00000000
1346026807 713.44 2820.23 0.00 0.76 0.27 0.31 0.03 0.00 0.00 98.40 7913500 7846272 67228 0.00 0.04 0.06 2116228 7007024 196 46863784 7119292 226506008 635 1 0 5 0 1 1 1 1 1 00000009 00000000 00000002 00000003 00000000 00000000 0000000c 00000000
1346026827 733.55 2901.01 0.00 0.74 0.26 0.31 0.03 0.00 0.00 98.42 7913500 7846148 67352 0.22 0.09 0.07 2116248 7007004 196 46863784 7119292 226506008 635 1 0 5 0 1 1 1 1 1 00000009 00000000 00000002 00000003 00000000 00000000 0000000c 00000000
1346026847 753.65 2980.81 0.00 0.73 0.25 0.31 0.03 0.00 0.00 98.44 7913500 7846396 67104 0.29 0.11 0.08 2116256 7006996 196 46863784 7119292 226506008 635 1 0 5 0 1 1 1 1 1 00000009 00000000 00000002 00000003 00000000 00000000 0000000c 00000000
1346026867 773.76 3061.07 0.00 0.72 0.25 0.32 0.03 0.00 0.00 98.46 7913500 7846652 66848 0.20 0.11 0.08 2116272 7006980 196 46863784 7119292 226506008 635 1 0 5 0 1 1 1 1 1 00000009 00000000 00000002 00000003 00000000 00000000 0000000c 00000000
1346026887 793.87 3141.15 0.00 0.71 0.24 0.32 0.03 0.00 0.00 98.48 7913500 7846404 67096 0.15 0.10 0.07 2116284 7006968 196 46863784 7119292 226506008 635 1 0 5 0 1 1 1 1 1 00000009 00000000 00000002 00000003 00000000 00000000 0000000c 00000000
1346026907 813.97 3221.12 0.00 0.70 0.23 0.31 0.03 0.00 0.00 98.50 7913500 7846544 66956 0.10 0.09 0.07 2116292 7006960 196 46863784 7119292 226506008 635 1 0 5 0 1 1 1 1 1 00000009 00000000 00000002 00000003 00000000 00000000 0000000c 00000000
1346026927 834.08 3301.20 0.00 0.69 0.23 0.31 0.03 0.00 0.00 98.51 7913500 7846652 66848 0.07 0.08 0.07 2116308 7006944 196 46863784 7119292 226506008 635 1 0 5 0 1 1 1 1 1 00000009 00000000 00000002 00000003 00000000 00000000 0000000c 00000000
1346026947 854.19 3381.37 0.00 0.68 0.22 0.31 0.03 0.00 0.00 98.54 7913500 7846900 66600 0.05 0.08 0.07 2116320 7006932 196 46863784 7119292 226506008 635 1 0 5 0 1 1 1 1 1 00000009 00000000 00000002 00000003 00000000 00000000 0000000c 00000000
1346026968 874.29 3461.67 0.00 0.67 0.22 0.31 0.03 0.00 0.00 98.55 7913500 7846512 66988 0.04 0.07 0.07 2116336 7006916 196 46863784 7119292 226506008 635 1 0 5 0 1 1 1 1 1 00000009 00000000 00000002 00000003 00000000 00000000 0000000c 00000000
1346026988 894.40 3541.62 0.00 0.67 0.21 0.31 0.03 0.00 0.00 98.57 7913500 7846520 66980 0.02 0.07 0.06 2116344 7006908 196 46863784 7119292 226506008 635 1 0 5 0 1 1 1 1 1 00000009 00000000 00000002 00000003 00000000 00000000 0000000c 00000000
1346027008 914.51 3622.06 0.00 0.66 0.21 0.31 0.03 0.00 0.00 98.59 7913500 7846404 67096 0.02 0.06 0.06 2116360 7006892 196 46863784 7119292 226506008 635 1 0 5 0 1 1 1 1 1 00000009 00000000 00000002 00000003 00000000 00000000 0000000c 00000000
1346027028 934.61 3702.29 0.00 0.65 0.20 0.30 0.03 0.00 0.00 98.61 7913500 7846652 66848 0.01 0.06 0.06 2116368 7006884 236 46863744 7119292 226506008 635 1 0 5 0 1 1 1 1 1 00000009 00000000 00000002 00000003 00000000 00000000 0000000c 00000000
1346027048 954.72 3782.33 0.00 0.65 0.20 0.30 0.03 0.00 0.00 98.62 7913500 7846900 66600 0.01 0.05 0.06 2116384 7006868 236 46863744 7119292 226506008 635 1 0 5 0 1 1 1 1 1 00000009 00000000 00000002 00000003 00000000 00000000 0000000c 00000000
1346027068 974.83 3862.79 0.00 0.64 0.20 0.29 0.03 0.00 0.00 98.64 7913500 7846420 67080 0.00 0.05 0.06 2116396 7006856 236 46863744 7119292 226506008 635 1 0 5 0 1 1 1 1 1 00000009 00000000 00000002 00000003 00000000 00000000 0000000c 00000000
1346027088 994.93 3942.96 0.00 0.63 0.19 0.29 0.02 0.00 0.00 98.65 7913500 7846676 66824 0.00 0.04 0.06 2116408 7006844 236 46863744 7119292 226506008 635 1 0 5 0 1 1 1 1 1 00000009 00000000 00000002 00000003 00000000 00000000 0000000c 00000000
1346027108 1015.04 4023.61 0.00 0.63 0.19 0.29 0.02 0.00 0.00 98.67 7913500 7846900 66600 0.00 0.04 0.05 2116424 7006828 236 46863744 7119292 226506008 635 1 0 5 0 1 1 1 1 1 00000009 00000000 00000002 00000003 00000000 00000000 0000000c 00000000
1346027128 1035.15 4103.65 0.00 0.63 0.18 0.29 0.02 0.00 0.00 98.68 7913500 7846668 66832 0.00 0.04 0.05 2116436 7006816 260 46863720 7119292 226506008 635 1 5 5 0 1 1 1 1 1 00000009 00000000 00000002 00000003 00000000 00000000 0000000c 00000000
1346027148 1055.25 4183.45 0.00 0.62 0.18 0.29 0.02 0.00 0.00 98.69 7913500 7846676 66824 0.00 0.03 0.05 2116444 7006808 260 46863720 7119292 226506008 635 1 5 5 0 1 1 1 1 1 00000009 00000000 00000002 00000003 00000000 00000000 0000000c 00000000
1346027169 1075.36 4263.18 0.00 0.62 0.18 0.29 0.02 0.00 0.00 98.69 7913500 7846520 66980 0.00 0.03 0.05 2116456 7006796 260 46863720 7119292 226506008 635 1 5 5 0 1 1 1 1 1 00000009 00000000 00000002 00000003 00000000 00000000 0000000c 00000000
1346027189 1095.47 4343.22 0.00 0.61 0.17 0.29 0.02 0.00 0.00 98.71 7913500 7847148 66352 0.00 0.03 0.05 2116468 7006784 260 46863720 7119292 226506008 635 1 5 5 0 1 1 1 1 1 00000009 00000000 00000002 00000003 00000000 00000000 0000000c 00000000
1346027209 1115.57 4423.84 0.00 0.61 0.17 0.29 0.02 0.00 0.00 98.72 7913500 7846864 66636 0.00 0.02 0.04 2116472 7006780 260 46863720 7119292 226506008 635 1 5 5 0 1 1 1 1 1 00000009 00000000 00000002 00000003 00000000 00000000 0000000c 00000000
1346027229 1135.68 4503.95 0.00 0.60 0.17 0.28 0.02 0.00 0.00 98.73 7913500 7846616 66884 0.00 0.02 0.04 2116488 7006764 260 46863720 7119292 226506008 635 1 5 5 0 1 1 1 1 1 00000009 00000000 00000002 00000003 00000000 00000000 0000000c 00000000
1346027249 1155.78 4584.40 0.00 0.60 0.16 0.28 0.02 0.00 0.00 98.74 7913500 7846964 66536 0.00 0.02 0.04 2116496 7006756 260 46863720 7119292 226506008 635 1 5 5 0 1 1 1 1 1 00000009 00000000 00000002 00000003 00000000 00000000 0000000c 00000000
1346027269 1175.89 4664.27 0.00 0.59 0.16 0.27 0.02 0.00 0.00 98.76 7913500 7846940 66560 0.00 0.02 0.04 2116512 7006740 260 46863720 7119292 226506008 635 1 5 5 0 1 1 1 1 1 00000009 00000000 00000002 00000003 00000000 00000000 0000000c 00000000
1346027289 1196.00 4744.63 0.00 0.59 0.16 0.27 0.02 0.00 0.00 98.77 7913500 7847164 66336 0.00 0.02 0.04 2116524 7006728 260 46863720 7119292 226506008 635 1 5 5 0 1 1 1 1 1 00000009 00000000 00000002 00000003 00000000 00000000 0000000c 00000000
1346027309 1216.11 4825.03 0.00 0.59 0.16 0.27 0.02 0.00 0.00 98.78 7913500 7847064 66436 0.00 0.02 0.03 2116532 7006720 260 46863720 7119292 226506008 635 1 5 5 0 1 1 1 1 1 00000009 00000000 00000002 00000003 00000000 00000000 0000000c 00000000
1346027329 1236.21 4905.06 0.00 0.58 0.15 0.26 0.02 0.00 0.00 98.79 7913500 7847236 66264 0.00 0.01 0.03 2116544 7006708 260 46863720 7119292 226506008 635 1 5 5 0 1 1 1 1 1 00000009 00000000 00000002 00000003 00000000 00000000 0000000c 00000000
1346027350 1256.32 4985.26 0.00 0.58 0.15 0.26 0.02 0.00 0.00 98.80 7913500 7846860 66640 0.00 0.01 0.03 2116552 7006700 300 46863680 7119292 226506008 635 1 5 5 0 1 1 1 1 1 00000009 00000000 00000002 00000003 00000000 00000000 0000000c 00000000
1346027370 1276.43 5065.23 0.00 0.57 0.15 0.26 0.02 0.00 0.00 98.80 7913500 7846604 66896 0.00 0.01 0.03 2116564 7006688 300 46863680 7119292 226506008 635 1 5 5 0 1 1 1 1 1 00000009 00000000 00000002 00000003 00000000 00000000 0000000c 00000000
1346027390 1296.54 5145.83 0.00 0.57 0.15 0.26 0.02 0.00 0.00 98.81 7913500 7846984 66516 0.00 0.01 0.03 2116576 7006676 300 46863680 7119292 226506008 635 1 5 5 0 1 1 1 1 1 00000009 00000000 00000002 00000003 00000000 00000000 0000000c 00000000
1346027410 1316.64 5225.78 0.00 0.57 0.14 0.26 0.02 0.00 0.00 98.82 7913500 7846992 66508 0.00 0.01 0.02 2116588 7006664 300 46863680 7119292 226506008 635 1 5 5 0 1 1 1 1 1 00000009 00000000 00000002 00000003 00000000 00000000 0000000c 00000000
1346027430 1336.75 5306.06 0.00 0.56 0.14 0.25 0.02 0.00 0.00 98.83 7913500 7846364 67136 0.00 0.00 0.02 2116592 7006660 300 46863680 7119292 226506008 635 1 5 5 0 1 1 1 1 1 00000009 00000000 00000002 00000003 00000000 00000000 0000000c 00000000
1346027450 1356.86 5386.38 0.00 0.56 0.14 0.25 0.02 0.00 0.00 98.84 7913500 7846992 66508 0.00 0.00 0.02 2116608 7006644 304 46863676 7119292 226506008 635 1 5 5 0 1 1 1 1 1 00000009 00000000 00000002 00000003 00000000 00000000 0000000c 00000000
1346027470 1376.96 5466.20 0.00 0.56 0.14 0.26 0.02 0.00 0.00 98.84 7913500 7846752 66748 0.00 0.00 0.02 2116616 7006636 304 46863676 7119292 226506008 635 1 5 5 0 1 1 1 1 1 00000009 00000000 00000002 00000003 00000000 00000000 0000000c 00000000
1346027490 1397.07 5546.91 0.00 0.55 0.14 0.25 0.02 0.00 0.00 98.85 7913500 7847116 66384 0.00 0.00 0.02 2116624 7006628 304 46863676 7119292 226506008 635 1 5 5 0 1 1 1 1 1 00000009 00000000 00000002 00000003 00000000 00000000 0000000c 00000000
1346027510 1417.18 5626.97 0.00 0.55 0.13 0.25 0.02 0.00 0.00 98.86 7913500 7846752 66748 0.08 0.02 0.02 2116640 7006612 304 46863676 7119292 226506008 635 1 5 5 0 1 1 1 1 1 00000009 00000000 00000002 00000003 00000000 00000000 0000000c 00000000
1346027531 1437.29 5707.27 0.00 0.55 0.13 0.25 0.02 0.00 0.00 98.86 7913500 7846744 66756 0.34 0.08 0.04 2116648 7006604 304 46863676 7119292 226506008 635 1 5 5 0 1 1 1 1 1 00000009 00000000 00000002 00000003 00000000 00000000 0000000c 00000000
1346027551 1457.39 5787.17 0.00 0.55 0.13 0.25 0.02 0.00 0.00 98.87 7913500 7846984 66516 0.24 0.07 0.04 2116664 7006588 304 46863676 7119292 226506008 635 1 5 5 0 1 1 1 1 1 00000009 00000000 00000002 00000003 00000000 00000000 0000000c 00000000
1346027571 1477.50 5867.01 0.00 0.54 0.13 0.25 0.02 0.00 0.00 98.87 7913500 7847124 66376 0.17 0.07 0.04 2116672 7006580 344 46863636 7119292 226506008 635 1 5 5 0 1 1 1 1 1 00000009 00000000 00000002 00000003 00000000 00000000 0000000c 00000000
1346027591 1497.61 5947.21 0.00 0.54 0.13 0.25 0.02 0.00 0.00 98.88 7913500 7846744 66756 0.12 0.06 0.03 2116680 7006572 344 46863636 7119292 226506008 635 1 5 5 0 1 1 1 1 1 00000009 00000000 00000002 00000003 00000000 00000000 0000000c 00000000
1346027611 1517.71 6027.28 0.00 0.54 0.13 0.25 0.02 0.00 0.00 98.89 7913500 7847000 66500 0.09 0.06 0.03 2116696 7006556 344 46863636 7119292 226506008 635 1 5 5 0 1 1 1 1 1 00000009 00000000 00000002 00000003 00000000 00000000 0000000c 00000000
1346027631 1537.82 6107.81 0.00 0.54 0.12 0.25 0.02 0.00 0.00 98.89 7913500 7846860 66640 0.06 0.05 0.03 2116704 7006548 344 46863636 7119292 226506008 635 1 5 5 0 1 1 1 1 1 00000009 00000000 00000002 00000003 00000000 00000000 0000000c 00000000
1346027651 1557.93 6187.84 0.00 0.53 0.12 0.25 0.02 0.00 0.00 98.90 7913500 7847232 66268 0.17 0.08 0.04 2116708 7006544 344 46863636 7119292 226506008 635 1 5 5 0 1 1 1 1 1 00000009 00000000 00000002 00000003 00000000 00000000 0000000c 00000000
1346027671 1578.03 6268.31 0.00 0.53 0.12 0.25 0.02 0.00 0.00 98.90 7913500 7846868 66632 0.12 0.07 0.04 2116728 7006524 344 46863636 7119292 226506008 635 1 5 5 0 1 1 1 1 1 00000009 00000000 00000002 00000003 00000000 00000000 0000000c 00000000
1346027691 1598.14 6348.40 0.00 0.53 0.12 0.25 0.02 0.00 0.00 98.91 7913500 7846868 66632 0.09 0.07 0.03 2116732 7006520 344 46863636 7119292 226506008 635 1 5 5 0 1 1 1 1 1 00000009 00000000 00000002 00000003 00000000 00000000 0000000c 00000000
1346027711 1618.25 6428.50 0.00 0.53 0.12 0.25 0.02 0.00 0.00 98.91 7913500 7846984 66516 0.19 0.10 0.04 2116748 7006504 344 46863636 7119292 226506008 635 1 5 5 0 1 1 1 1 1 00000009 00000000 00000002 00000003 00000000 00000000 0000000c 00000000
1346027732 1638.35 6508.21 0.00 0.52 0.12 0.25 0.01 0.00 0.00 98.92 7913500 7846868 66632 0.20 0.10 0.05 2116756 7006496 344 46863636 7119292 226506008 635 1 5 5 0 1 1 1 1 1 00000009 00000000 00000002 00000003 00000000 00000000 0000000c 00000000
1346027752 1658.46 6588.60 0.00 0.52 0.12 0.25 0.01 0.00 0.00 98.92 7913500 7847116 66384 0.19 0.11 0.05 2116764 7006488 344 46863636 7119292 226506008 635 1 5 5 0 1 1 1 1 1 00000009 00000000 00000002 00000003 00000000 00000000 0000000c 00000000
1346027772 1678.57 6668.85 0.00 0.52 0.11 0.24 0.01 0.00 0.00 98.93 7913500 7846984 66516 0.13 0.10 0.05 2116780 7006472 344 46863636 7119292 226506008 635 1 5 5 0 1 1 1 1 1 00000009 00000000 00000002 00000003 00000000 00000000 0000000c 00000000
1346027792 1698.67 6748.91 0.00 0.52 0.11 0.24 0.01 0.00 0.00 98.93 7913500 7846984 66516 0.09 0.09 0.05 2116788 7006464 348 46863632 7119292 226506008 635 1 5 5 0 1 1 1 1 1 00000009 00000000 00000002 00000003 00000000 00000000 0000000c 00000000
1346027812 1718.78 6829.25 0.00 0.52 0.11 0.24 0.01 0.00 0.00 98.94 7913500 7847364 66136 0.07 0.09 0.04 2116804 7006448 388 46863592 7119292 226506008 635 1 5 5 0 1 1 1 1 1 00000009 00000000 00000002 00000003 00000000 00000000 0000000c 00000000
1346027832 1738.89 6909.08 0.00 0.51 0.11 0.24 0.01 0.00 0.00 98.94 7913500 7847240 66260 0.05 0.08 0.04 2116812 7006440 388 46863592 7119292 226506008 635 1 5 5 0 1 1 1 1 1 00000009 00000000 00000002 00000003 00000000 00000000 0000000c 00000000
1346027852 1758.99 6989.39 0.00 0.51 0.11 0.24 0.01 0.00 0.00 98.95 7913500 7847736 65764 0.03 0.08 0.04 2116820 7006432 388 46863592 7119292 226506008 635 1 5 5 0 1 1 1 1 1 00000009 00000000 00000002 00000003 00000000 00000000 0000000c 00000000
1346027872 1779.10 7069.29 0.00 0.51 0.11 0.24 0.01 0.00 0.00 98.95 7913500 7847232 66268 0.02 0.07 0.04 2116832 7006420 388 46863592 7119292 226506008 635 1 5 5 0 1 1 1 1 1 00000009 00000000 00000002 00000003 00000000 00000000 0000000c 00000000
1346027892 1799.21 7149.44 0.00 0.51 0.11 0.24 0.01 0.00 0.00 98.95 7913500 7847372 66128 0.02 0.06 0.04 2116844 7006408 388 46863592 7119292 226506008 635 1 5 5 0 1 1 1 1 1 00000009 00000000 00000002 00000003 00000000 00000000 0000000c 00000000
1346027913 1819.31 7229.22 0.00 0.51 0.10 0.24 0.01 0.00 0.00 98.96 7913500 7847240 66260 0.01 0.06 0.03 2116852 7006400 388 46863592 7119292 226506008 635 1 5 5 0 1 1 1 1 1 00000009 00000000 00000002 00000003 00000000 00000000 0000000c 00000000
1346027933 1839.42 7309.58 0.00 0.50 0.10 0.24 0.01 0.00 0.00 98.96 7913500 7846968 66532 0.01 0.05 0.03 2116864 7006388 388 46863592 7119292 226506008 635 1 5 5 0 1 1 1 1 1 00000009 00000000 00000002 00000003 00000000 00000000 0000000c 00000000
1346027953 1859.52 7389.73 0.00 0.50 0.10 0.24 0.01 0.00 0.00 98.96 7913500 7847364 66136 0.00 0.05 0.03 2116876 7006376 388 46863592 7119292 226506008 635 1 5 5 0 1 1 1 1 1 00000009 00000000 00000002 00000003 00000000 00000000 0000000c 00000000
1346027973 1879.63 7469.67 0.00 0.50 0.10 0.24 0.01 0.00 0.00 98.97 7913500 7847612 65888 0.00 0.05 0.03 2116888 7006364 388 46863592 7119292 226506008 635 1 5 5 0 1 1 1 1 1 00000009 00000000 00000002 00000003 00000000 00000000 0000000c 00000000
1346027993 1899.74 7550.00 0.00 0.50 0.10 0.24 0.01 0.00 0.00 98.97 7913500 7847364 66136 0.00 0.04 0.03 2116896 7006356 388 46863592 7119292 226506008 635 1 5 5 0 1 1 1 1 1 00000009 00000000 00000002 00000003 00000000 00000000 0000000c 00000000
1346028013 1919.85 7629.55 0.00 0.50 0.10 0.25 0.01 0.00 0.00 98.97 7913500 7847604 65896 0.00 0.04 0.02 2116908 7006344 388 46863592 7119292 226506008 635 1 5 5 0 1 1 1 1 1 00000009 00000000 00000002 00000003 00000000 00000000 0000000c 00000000
1346028033 1939.95 7709.97 0.00 0.49 0.10 0.25 0.01 0.00 0.00 98.97 7913500 7847116 66384 0.00 0.03 0.02 2116920 7006332 412 46863568 7119292 226506008 635 1 5 5 0 1 1 1 1 1 00000009 00000000 00000002 00000003 00000000 00000000 0000000c 00000000
1346028053 1960.06 7790.24 0.00 0.49 0.10 0.24 0.01 0.00 0.00 98.98 7913500 7847480 66020 0.00 0.03 0.02 2116924 7006328 428 46863552 7119292 226506008 635 1 5 5 0 1 1 1 1 1 00000009 00000000 00000002 00000003 00000000 00000000 0000000c 00000000
1346028073 1980.17 7870.84 0.00 0.49 0.10 0.24 0.01 0.00 0.00 98.98 7913500 7847480 66020 0.00 0.03 0.02 2116940 7006312 428 46863552 7119292 226506008 635 1 5 5 0 1 1 1 1 1 00000009 00000000 00000002 00000003 00000000 00000000 0000000c 00000000
1346028094 2000.28 7951.17 0.00 0.49 0.10 0.24 0.01 0.00 0.00 98.98 7913500 7847736 65764 0.00 0.03 0.02 2116948 7006304 428 46863552 7119292 226506008 635 1 5 5 0 1 1 1 1 1 00000009 00000000 00000002 00000003 00000000 00000000 0000000c 00000000
1346028114 2020.38 8031.51 0.00 0.49 0.09 0.24 0.01 0.00 0.00 98.99 7913500 7847612 65888 0.00 0.02 0.01 2116964 7006288 428 46863552 7119292 226506008 635 1 5 5 0 1 1 1 1 1 00000009 00000000 00000002 00000003 00000000 00000000 0000000c 00000000
1346028134 2040.49 8109.08 0.00 0.50 0.10 0.24 0.01 0.00 0.00 98.95 7913500 7832952 80548 0.00 0.02 0.01 2116984 7006268 452 46863528 8442096 225183204 754 1 10 5 0 1 1 1 1 1 0000000b 00000001 00000000 00000003 00000077 00000000 0000000f 00000000
1346028154 2060.61 8185.24 0.00 0.53 0.12 0.25 0.02 0.00 0.00 98.90 7913500 7845684 67816 0.00 0.02 0.01 2117016 7006236 452 46863528 10454092 223171208 935 1 10 5 0 1 1 1 1 1 0000000e 00000001 00000001 00000004 00000064 00000000 00000012 00000000
1346028174 2080.72 8260.79 0.00 0.56 0.14 0.25 0.02 0.00 0.00 98.84 7913500 7841532 71968 0.14 0.05 0.02 2117056 7006196 452 46863528 12632828 220992472 1131 1 10 5 0 1 1 1 1 1 00000011 00000001 00000002 00000005 00000030 00000000 00000015 00000000
1346028194 2100.84 8337.69 0.00 0.58 0.15 0.25 0.02 0.00 0.00 98.80 7913500 7824176 89324 0.17 0.06 0.02 2117076 7006176 452 46863528 14211300 219414000 1273 1 10 5 0 1 1 1 1 1 00000012 00000000 00000002 00000006 00000000 00000000 00000016 00000000
1346028214 2120.94 8417.73 0.00 0.58 0.15 0.25 0.02 0.00 0.00 98.80 7913500 7824276 89224 0.34 0.10 0.04 2117088 7006164 452 46863528 14211300 219414000 1273 1 10 5 0 1 1 1 1 1 00000012 00000000 00000002 00000006 00000000 00000000 00000016 00000000
1346028234 2141.06 8497.82 0.00 0.58 0.15 0.25 0.02 0.00 0.00 98.80 7913500 7824912 88588 0.37 0.13 0.05 2117104 7006148 452 46863528 14211300 219414000 1273 1 10 5 0 1 1 1 1 1 00000012 00000000 00000002 00000006 00000000 00000000 00000016 00000000
1346028254 2161.17 8578.09 0.00 0.57 0.15 0.25 0.02 0.00 0.00 98.81 7913500 7824532 88968 0.27 0.12 0.04 2117116 7006136 452 46863528 14211300 219414000 1273 1 10 5 0 1 1 1 1 1 00000012 00000000 00000002 00000006 00000000 00000000 00000016 00000000
1346028275 2181.28 8657.92 0.00 0.57 0.15 0.25 0.02 0.00 0.00 98.81 7913500 7824912 88588 0.47 0.17 0.06 2117128 7006124 452 46863528 14211300 219414000 1273 1 10 5 0 1 1 1 1 1 00000012 00000000 00000002 00000006 00000000 00000000 00000016 00000000
1346028295 2201.38 8738.44 0.00 0.57 0.15 0.25 0.02 0.00 0.00 98.82 7913500 7824664 88836 0.34 0.16 0.06 2117144 7006108 452 46863528 14211300 219414000 1273 1 10 5 0 1 1 1 1 1 00000012 00000000 00000002 00000006 00000000 00000000 00000016 00000000
1346028315 2221.50 8818.72 0.00 0.57 0.14 0.25 0.02 0.00 0.00 98.82 7913500 7824664 88836 0.24 0.15 0.06 2117152 7006100 452 46863528 14211300 219414000 1273 1 10 5 0 1 1 1 1 1 00000012 00000000 00000002 00000006 00000000 00000000 00000016 00000000
1346028335 2241.61 8898.99 0.00 0.57 0.14 0.25 0.02 0.00 0.00 98.82 7913500 7824416 89084 0.17 0.14 0.06 2117168 7006084 452 46863528 14211300 219414000 1273 1 10 5 0 1 1 1 1 1 00000012 00000000 00000002 00000006 00000000 00000000 00000016 00000000
1346028355 2261.71 8979.33 0.00 0.56 0.14 0.25 0.02 0.00 0.00 98.83 7913500 7825044 88456 0.12 0.13 0.06 2117180 7006072 492 46863488 14211300 219414000 1273 1 10 5 0 1 1 1 1 1 00000012 00000000 00000002 00000006 00000000 00000000 00000016 00000000
1346028375 2281.83 9059.54 0.00 0.56 0.14 0.25 0.02 0.00 0.00 98.83 7913500 7825012 88488 0.09 0.12 0.05 2117192 7006060 492 46863488 14211300 219414000 1273 1 10 5 0 1 1 1 1 1 00000012 00000000 00000002 00000006 00000000 00000000 00000016 00000000
1346028395 2301.94 9139.62 0.00 0.56 0.14 0.25 0.02 0.00 0.00 98.84 7913500 7825076 88424 0.06 0.11 0.05 2117208 7006044 492 46863488 14211300 219414000 1273 1 10 5 0 1 1 1 1 1 00000012 00000000 00000002 00000006 00000000 00000000 00000016 00000000
1346028415 2322.05 9219.89 0.00 0.56 0.14 0.25 0.02 0.00 0.00 98.84 7913500 7824888 88612 0.04 0.10 0.05 2117216 7006036 492 46863488 14211300 219414000 1273 1 10 5 0 1 1 1 1 1 00000012 00000000 00000002 00000006 00000000 00000000 00000016 00000000
1346028435 2342.16 9300.23 0.00 0.56 0.14 0.25 0.02 0.00 0.00 98.85 7913500 7824896 88604 0.03 0.10 0.05 2117232 7006020 492 46863488 14211300 219414000 1273 1 10 5 0 1 1 1 1 1 00000012 00000000 00000002 00000006 00000000 00000000 00000016 00000000
1346028456 2362.27 9380.36 0.00 0.56 0.14 0.25 0.02 0.00 0.00 98.85 7913500 7824772 88728 0.02 0.09 0.05 2117244 7006008 496 46863484 14211300 219414000 1273 1 10 5 0 1 1 1 1 1 00000012 00000000 00000002 00000006 00000000 00000000 00000016 00000000
1346028476 2382.38 9460.64 0.00 0.55 0.13 0.25 0.02 0.00 0.00 98.85 7913500 7825152 88348 0.01 0.08 0.04 2117260 7005992 496 46863484 14211300 219414000 1273 1 10 5 0 1 1 1 1 1 00000012 00000000 00000002 00000006 00000000 00000000 00000016 00000000
1346028496 2402.48 9540.63 0.00 0.55 0.13 0.25 0.02 0.00 0.00 98.86 7913500 7825160 88340 0.01 0.08 0.04 2117264 7005988 496 46863484 14211300 219414000 1273 1 10 5 0 1 1 1 1 1 00000012 00000000 00000002 00000006 00000000 00000000 00000016 00000000
1346028516 2422.60 9621.35 0.00 0.55 0.13 0.25 0.02 0.00 0.00 98.86 7913500 7825240 88260 0.01 0.07 0.04 2117280 7005972 496 46863484 14211300 219414000 1273 1 10 5 0 1 1 1 1 1 00000012 00000000 00000002 00000006 00000000 00000000 00000016 00000000
1346028536 2442.71 9701.51 0.00 0.55 0.13 0.24 0.02 0.00 0.00 98.87 7913500 7824728 88772 0.00 0.06 0.04 2117292 7005960 496 46863484 14211300 219414000 1273 1 10 5 0 1 1 1 1 1 00000012 00000000 00000002 00000006 00000000 00000000 00000016 00000000
1346028556 2462.81 9781.32 0.00 0.55 0.13 0.25 0.02 0.00 0.00 98.87 7913500 7825216 88284 0.00 0.06 0.04 2117304 7005948 496 46863484 14211300 219414000 1273 1 10 5 0 1 1 1 1 1 00000012 00000000 00000002 00000006 00000000 00000000 00000016 00000000
1346028576 2482.93 9861.63 0.00 0.55 0.13 0.25 0.02 0.00 0.00 98.87 7913500 7825116 88384 0.00 0.05 0.03 2117324 7005928 520 46863460 14211300 219414000 1273 1 10 5 0 1 1 1 1 1 00000012 00000000 00000002 00000006 00000000 00000000 00000016 00000000
1346028596 2503.04 9941.57 0.00 0.54 0.13 0.25 0.02 0.00 0.00 98.87 7913500 7824896 88604 0.00 0.05 0.03 2117332 7005920 536 46863444 14211300 219414000 1273 1 10 5 0 1 1 1 1 1 00000012 00000000 00000002 00000006 00000000 00000000 00000016 00000000
1346028616 2523.15 10022.09 0.00 0.54 0.13 0.25 0.02 0.00 0.00 98.87 7913500 7825000 88500 0.00 0.05 0.03 2117344 7005908 536 46863444 14211300 219414000 1273 1 10 5 0 1 1 1 1 1 00000012 00000000 00000002 00000006 00000000 00000000 00000016 00000000
1346028636 2543.26 10102.21 0.00 0.54 0.13 0.25 0.02 0.00 0.00 98.88 7913500 7825496 88004 0.00 0.04 0.03 2117356 7005896 536 46863444 14211300 219414000 1273 1 10 5 0 1 1 1 1 1 00000012 00000000 00000002 00000006 00000000 00000000 00000016 00000000
1346028657 2563.36 10182.54 0.00 0.54 0.12 0.24 0.02 0.00 0.00 98.88 7913500 7825028 88472 0.00 0.04 0.03 2117368 7005884 536 46863444 14211300 219414000 1273 1 10 5 0 1 1 1 1 1 00000012 00000000 00000002 00000006 00000000 00000000 00000016 00000000
1346028677 2583.48 10262.57 0.00 0.54 0.12 0.24 0.02 0.00 0.00 98.89 7913500 7825524 87976 0.00 0.04 0.02 2117384 7005868 536 46863444 14211300 219414000 1273 1 10 5 0 1 1 1 1 1 00000012 00000000 00000002 00000006 00000000 00000000 00000016 00000000
1346028697 2603.58 10342.83 0.00 0.54 0.12 0.24 0.02 0.00 0.00 98.89 7913500 7825152 88348 0.00 0.03 0.02 2117396 7005856 536 46863444 14211300 219414000 1273 1 10 5 0 1 1 1 1 1 00000012 00000000 00000002 00000006 00000000 00000000 00000016 00000000
1346028717 2623.70 10422.96 0.00 0.53 0.12 0.24 0.02 0.00 0.00 98.89 7913500 7825152 88348 0.00 0.03 0.02 2117404 7005848 536 46863444 14211300 219414000 1273 1 10 5 0 1 1 1 1 1 00000012 00000000 00000002 00000006 00000000 00000000 00000016 00000000
1346028737 2643.80 10502.72 0.00 0.53 0.12 0.25 0.02 0.00 0.00 98.89 7913500 7825036 88464 0.00 0.03 0.02 2117424 7005828 536 46863444 14211300 219414000 1273 1 10 5 0 1 1 1 1 1 00000012 00000000 00000002 00000006 00000000 00000000 00000016 00000000
1346028757 2663.92 10582.94 0.00 0.53 0.12 0.24 0.02 0.00 0.00 98.90 7913500 7825160 88340 0.07 0.04 0.02 2117432 7005820 536 46863444 14211300 219414000 1273 1 10 5 0 1 1 1 1 1 00000012 00000000 00000002 00000006 00000000 00000000 00000016 00000000
1346028777 2684.02 10662.48 0.00 0.53 0.12 0.24 0.02 0.00 0.00 98.90 7913500 7825036 88464 0.05 0.04 0.02 2117444 7005808 536 46863444 14211300 219414000 1273 1 10 5 0 1 1 1 1 1 00000012 00000000 00000002 00000006 00000000 00000000 00000016 00000000
1346028797 2704.14 10743.13 0.00 0.53 0.12 0.24 0.02 0.00 0.00 98.91 7913500 7825268 88232 0.03 0.03 0.02 2117456 7005796 540 46863440 14211300 219414000 1273 1 10 5 0 1 1 1 1 1 00000012 00000000 00000002 00000006 00000000 00000000 00000016 00000000
1346028817 2724.24 10823.02 0.00 0.53 0.12 0.24 0.02 0.00 0.00 98.91 7913500 7825400 88100 0.02 0.03 0.02 2117468 7005784 580 46863400 14211300 219414000 1273 1 10 5 0 1 1 1 1 1 00000012 00000000 00000002 00000006 00000000 00000000 00000016 00000000
1346028838 2744.35 10903.23 0.00 0.53 0.12 0.24 0.02 0.00 0.00 98.91 7913500 7825276 88224 0.02 0.03 0.01 2117484 7005768 580 46863400 14211300 219414000 1273 1 10 5 0 1 1 1 1 1 00000012 00000000 00000002 00000006 00000000 00000000 00000016 00000000
1346028858 2764.46 10983.03 0.00 0.52 0.12 0.24 0.02 0.00 0.00 98.91 7913500 7825036 88464 0.01 0.02 0.01 2117496 7005756 580 46863400 14211300 219414000 1273 1 10 5 0 1 1 1 1 1 00000012 00000000 00000002 00000006 00000000 00000000 00000016 00000000
1346028878 2784.56 11062.97 0.00 0.52 0.11 0.24 0.02 0.00 0.00 98.91 7913500 7825392 88108 0.01 0.02 0.01 2117512 7005740 580 46863400 14211300 219414000 1273 1 10 5 0 1 1 1 1 1 00000012 00000000 00000002 00000006 00000000 00000000 00000016 00000000
1346028898 2804.68 11143.12 0.00 0.52 0.11 0.24 0.02 0.00 0.00 98.92 7913500 7825276 88224 0.16 0.05 0.02 2117516 7005736 580 46863400 14211300 219414000 1273 1 10 5 0 1 1 1 1 1 00000012 00000000 00000002 00000006 00000000 00000000 00000016 00000000
1346028918 2824.79 11223.09 0.00 0.52 0.11 0.24 0.02 0.00 0.00 98.92 7913500 7825524 87976 0.17 0.06 0.02 2117532 7005720 580 46863400 14211300 219414000 1273 1 10 5 0 1 1 1 1 1 00000012 00000000 00000002 00000006 00000000 00000000 00000016 00000000
1346028938 2844.90 11303.51 0.00 0.52 0.11 0.24 0.02 0.00 0.00 98.92 7913500 7825400 88100 0.12 0.06 0.02 2117544 7005708 580 46863400 14211300 219414000 1273 1 10 5 0 1 1 1 1 1 00000012 00000000 00000002 00000006 00000000 00000000 00000016 00000000
1346028958 2865.01 11383.01 0.00 0.52 0.11 0.25 0.02 0.00 0.00 98.92 7913500 7825788 87712 0.09 0.05 0.02 2117560 7005692 580 46863400 14211300 219414000 1273 1 10 5 0 1 1 1 1 1 00000012 00000000 00000002 00000006 00000000 00000000 00000016 00000000
1346028978 2885.11 11463.36 0.00 0.52 0.11 0.24 0.02 0.00 0.00 98.92 7913500 7825276 88224 0.06 0.05 0.02 2117572 7005680 580 46863400 14211300 219414000 1273 1 10 5 0 1 1 1 1 1 00000012 00000000 00000002 00000006 00000000 00000000 00000016 00000000
1346028998 2905.22 11543.64 0.00 0.52 0.11 0.24 0.02 0.00 0.00 98.93 7913500 7825268 88232 0.04 0.05 0.01 2117584 7005668 580 46863400 14211300 219414000 1273 1 10 5 0 1 1 1 1 1 00000012 00000000 00000002 00000006 00000000 00000000 00000016 00000000
1346029019 2925.32 11623.91 0.00 0.51 0.11 0.24 0.02 0.00 0.00 98.93 7913500 7826020 87480 0.03 0.04 0.01 2117600 7005652 580 46863400 14211300 219414000 1273 1 10 5 0 1 1 1 1 1 00000012 00000000 00000002 00000006 00000000 00000000 00000016 00000000
1346029039 2945.44 11704.16 0.00 0.51 0.11 0.24 0.02 0.00 0.00 98.93 7913500 7825648 87852 0.02 0.04 0.01 2117608 7005644 604 46863376 14211300 219414000 1273 1 10 5 0 1 1 1 1 1 00000012 00000000 00000002 00000006 00000000 00000000 00000016 00000000
1346029059 2965.54 11784.54 0.00 0.51 0.11 0.24 0.02 0.00 0.00 98.94 7913500 7825640 87860 0.01 0.04 0.01 2117620 7005632 620 46863360 14211300 219414000 1273 1 10 5 0 1 1 1 1 1 00000012 00000000 00000002 00000006 00000000 00000000 00000016 00000000
1346029079 2985.66 11864.62 0.00 0.51 0.11 0.24 0.02 0.00 0.00 98.94 7913500 7825764 87736 0.01 0.03 0.01 2117636 7005616 620 46863360 14211300 219414000 1273 1 10 5 0 1 1 1 1 1 00000012 00000000 00000002 00000006 00000000 00000000 00000016 00000000
1346029099 3005.77 11944.33 0.00 0.51 0.11 0.24 0.02 0.00 0.00 98.94 7913500 7825492 88008 0.01 0.03 0.00 2117648 7005604 620 46863360 14211300 219414000 1273 1 10 5 0 1 1 1 1 1 00000012 00000000 00000002 00000006 00000000 00000000 00000016 00000000
1346029119 3025.88 12024.50 0.00 0.51 0.11 0.24 0.02 0.00 0.00 98.94 7913500 7825772 87728 0.08 0.04 0.01 2117656 7005596 624 46863356 14211300 219414000 1273 1 10 5 0 1 1 1 1 1 00000012 00000000 00000002 00000006 00000000 00000000 00000016 00000000
1346029139 3045.98 12104.34 0.00 0.51 0.11 0.24 0.02 0.00 0.00 98.95 7913500 7825532 87968 0.06 0.04 0.01 2117680 7005572 644 46863336 14211300 219414000 1273 1 15 5 0 1 1 1 1 1 00000012 00000000 00000002 00000006 00000000 00000000 00000016 00000000
1346029159 3066.09 12184.80 0.00 0.51 0.10 0.24 0.02 0.00 0.00 98.95 7913500 7825880 87620 0.25 0.08 0.02 2117688 7005564 644 46863336 14211300 219414000 1273 1 15 5 0 1 1 1 1 1 00000012 00000000 00000002 00000006 00000000 00000000 00000016 00000000
1346029179 3086.20 12264.64 0.00 0.51 0.10 0.24 0.02 0.00 0.00 98.95 7913500 7825880 87620 0.38 0.13 0.03 2117708 7005544 644 46863336 14211300 219414000 1273 1 15 5 0 1 1 1 1 1 00000012 00000000 00000002 00000006 00000000 00000000 00000016 00000000
1346029200 3106.30 12344.49 0.00 0.50 0.10 0.24 0.02 0.00 0.00 98.95 7913500 7825524 87976 0.44 0.16 0.05 2117720 7005532 644 46863336 14211300 219414000 1273 1 15 5 0 1 1 1 1 1 00000012 00000000 00000002 00000006 00000000 00000000 00000016 00000000
1346029220 3126.42 12424.73 0.00 0.50 0.10 0.24 0.02 0.00 0.00 98.95 7913500 7825492 88008 0.31 0.15 0.05 2117736 7005516 644 46863336 14211300 219414000 1273 1 15 5 0 1 1 1 1 1 00000012 00000000 00000002 00000006 00000000 00000000 00000016 00000000
1346029240 3146.53 12504.80 0.00 0.50 0.10 0.24 0.02 0.00 0.00 98.95 7913500 7825648 87852 0.22 0.14 0.04 2117756 7005496 644 46863336 14211300 219414000 1273 1 15 5 0 1 1 1 1 1 00000012 00000000 00000002 00000006 00000000 00000000 00000016 00000000
1346029260 3166.64 12584.67 0.00 0.50 0.10 0.24 0.02 0.00 0.00 98.95 7913500 7826020 87480 0.16 0.13 0.04 2117768 7005484 644 46863336 14211300 219414000 1273 1 15 5 0 1 1 1 1 1 00000012 00000000 00000002 00000006 00000000 00000000 00000016 00000000
1346029280 3186.74 12664.72 0.00 0.50 0.10 0.24 0.02 0.00 0.00 98.96 7913500 7826144 87356 0.11 0.12 0.04 2117788 7005464 644 46863336 14211300 219414000 1273 1 15 5 0 1 1 1 1 1 00000012 00000000 00000002 00000006 00000000 00000000 00000016 00000000
1346029300 3206.86 12745.09 0.00 0.50 0.10 0.25 0.02 0.00 0.00 98.96 7913500 7825896 87604 0.08 0.11 0.04 2117800 7005452 644 46863336 14211300 219414000 1273 1 15 5 0 1 1 1 1 1 00000012 00000000 00000002 00000006 00000000 00000000 00000016 00000000
1346029320 3226.97 12825.44 0.00 0.50 0.10 0.25 0.02 0.00 0.00 98.96 7913500 7825632 87868 0.06 0.10 0.04 2117816 7005436 644 46863336 14211300 219414000 1273 1 15 5 0 1 1 1 1 1 00000012 00000000 00000002 00000006 00000000 00000000 00000016 00000000
1346029340 3247.08 12906.04 0.00 0.50 0.10 0.24 0.01 0.00 0.00 98.96 7913500 7825624 87876 0.04 0.10 0.03 2117828 7005424 644 46863336 14211300 219414000 1273 1 15 5 0 1 1 1 1 1 00000012 00000000 00000002 00000006 00000000 00000000 00000016 00000000
1346029360 3267.19 12985.93 0.00 0.50 0.10 0.24 0.01 0.00 0.00 98.96 7913500 7825888 87612 0.03 0.09 0.03 2117848 7005404 684 46863296 14211300 219414000 1273 1 15 5 0 1 1 1 1 1 00000012 00000000 00000002 00000006 00000000 00000000 00000016 00000000
1346029381 3287.30 13066.23 0.00 0.50 0.10 0.24 0.01 0.00 0.00 98.96 7913500 7826020 87480 0.02 0.08 0.03 2117860 7005392 684 46863296 14211300 219414000 1273 1 15 5 0 1 1 1 1 1 00000012 00000000 00000002 00000006 00000000 00000000 00000016 00000000
1346029401 3307.40 13146.25 0.00 0.49 0.10 0.24 0.01 0.00 0.00 98.97 7913500 7825516 87984 0.01 0.08 0.03 2117876 7005376 684 46863296 14211300 219414000 1273 1 15 5 0 1 1 1 1 1 00000012 00000000 00000002 00000006 00000000 00000000 00000016 00000000
1346029421 3327.51 13226.35 0.00 0.49 0.10 0.24 0.01 0.00 0.00 98.97 7913500 7825764 87736 0.01 0.07 0.03 2117892 7005360 684 46863296 14211300 219414000 1273 1 15 5 0 1 1 1 1 1 00000012 00000000 00000002 00000006 00000000 00000000 00000016 00000000
1346029441 3347.62 13306.28 0.00 0.49 0.10 0.24 0.01 0.00 0.00 98.97 7913500 7825888 87612 0.00 0.06 0.02 2117908 7005344 688 46863292 14211300 219414000 1273 1 15 5 0 1 1 1 1 1 00000012 00000000 00000002 00000006 00000000 00000000 00000016 00000000
1346029461 3367.73 13385.90 0.00 0.49 0.10 0.24 0.01 0.00 0.00 98.97 7913500 7825896 87604 0.00 0.06 0.02 2117924 7005328 688 46863292 14211300 219414000 1273 1 15 5 0 1 1 1 1 1 00000012 00000000 00000002 00000006 00000000 00000000 00000016 00000000
1346029481 3387.84 13466.31 0.00 0.49 0.09 0.24 0.01 0.00 0.00 98.97 7913500 7825896 87604 0.00 0.05 0.02 2117940 7005312 688 46863292 14211300 219414000 1273 1 15 5 0 1 1 1 1 1 00000012 00000000 00000002 00000006 00000000 00000000 00000016 00000000
1346029501 3407.94 13546.05 0.00 0.49 0.09 0.25 0.01 0.00 0.00 98.97 7913500 7826020 87480 0.00 0.05 0.02 2117956 7005296 688 46863292 14211300 219414000 1273 1 15 5 0 1 1 1 1 1 00000012 00000000 00000002 00000006 00000000 00000000 00000016 00000000
1346029521 3428.06 13626.08 0.00 0.49 0.09 0.25 0.01 0.00 0.00 98.97 7913500 7825648 87852 0.00 0.05 0.02 2117972 7005280 688 46863292 14211300 219414000 1273 1 15 5 0 1 1 1 1 1 00000012 00000000 00000002 00000006 00000000 00000000 00000016 00000000
1346029541 3448.17 13705.70 0.00 0.49 0.09 0.25 0.01 0.00 0.00 98.98 7913500 7826020 87480 0.00 0.04 0.01 2117988 7005264 688 46863292 14211300 219414000 1273 1 15 5 0 1 1 1 1 1 00000012 00000000 00000002 00000006 00000000 00000000 00000016 00000000
1346029562 3468.28 13785.59 0.00 0.49 0.09 0.25 0.01 0.00 0.00 98.98 7913500 7826392 87108 0.00 0.04 0.01 2117996 7005256 688 46863292 14211300 219414000 1273 1 15 5 0 1 1 1 1 1 00000012 00000000 00000002 00000006 00000000 00000000 00000016 00000000
1346029582 3488.39 13865.26 0.00 0.49 0.09 0.25 0.01 0.00 0.00 98.98 7913500 7825904 87596 0.22 0.08 0.03 2118020 7005232 704 46863276 14211300 219414000 1273 1 15 5 0 1 1 1 1 1 00000012 00000000 00000002 00000006 00000000 00000000 00000016 00000000
1346029602 3508.49 13945.56 0.00 0.48 0.09 0.25 0.01 0.00 0.00 98.98 7913500 7826408 87092 0.42 0.14 0.05 2118032 7005220 728 46863252 14211300 219414000 1273 1 15 5 0 1 1 1 1 1 00000012 00000000 00000002 00000006 00000000 00000000 00000016 00000000
1346029622 3528.61 14025.72 0.00 0.48 0.09 0.25 0.01 0.00 0.00 98.98 7913500 7825812 87688 0.30 0.13 0.04 2118048 7005204 728 46863252 14211300 219414000 1273 1 15 5 0 1 1 1 1 1 00000012 00000000 00000002 00000006 00000000 00000000 00000016 00000000
1346029642 3548.71 14105.68 0.00 0.48 0.09 0.25 0.01 0.00 0.00 98.98 7913500 7826416 87084 0.21 0.12 0.04 2118068 7005184 728 46863252 14211300 219414000 1273 1 15 5 0 1 1 1 1 1 00000012 00000000 00000002 00000006 00000000 00000000 00000016 00000000
1346029662 3568.83 14185.78 0.00 0.48 0.09 0.24 0.01 0.00 0.00 98.99 7913500 7825904 87596 0.15 0.11 0.04 2118076 7005176 728 46863252 14211300 219414000 1273 1 15 5 0 1 1 1 1 1 00000012 00000000 00000002 00000006 00000000 00000000 00000016 00000000
1346029682 3588.93 14265.61 0.00 0.48 0.09 0.24 0.01 0.00 0.00 98.99 7913500 7826268 87232 0.11 0.11 0.04 2118096 7005156 728 46863252 14211300 219414000 1273 1 15 5 0 1 1 1 1 1 00000012 00000000 00000002 00000006 00000000 00000000 00000016 00000000
1346029702 3609.05 14346.25 0.00 0.48 0.09 0.24 0.01 0.00 0.00 98.99 7913500 7826136 87364 0.08 0.10 0.04 2118108 7005144 728 46863252 14211300 219414000 1273 1 15 5 0 1 1 1 1 1 00000012 00000000 00000002 00000006 00000000 00000000 00000016 00000000
