1346065994 39900.99 158713.03 0.00 0.49 0.07 0.19 0.01 0.00 0.00 99.05 7913500 7832696 80804 0.20 0.15 0.08 2145220 6978032 7688 46856292 148659888 84965412 13368 12 195 5 0 1 1 1 1 1 000000bd 00000000 00000002 0000003f 00000000 00000000 000000d4 00000000
1346066014 39921.19 158793.22 0.00 0.49 0.07 0.19 0.01 0.00 0.00 99.05 7913500 7832548 80952 0.14 0.14 0.08 2145232 6978020 7692 46856288 148659888 84965412 13368 12 195 5 0 1 1 1 1 1 000000bd 00000000 00000002 0000003f 00000000 00000000 000000d4 00000000
1346066035 39941.38 158873.94 0.00 0.49 0.07 0.19 0.01 0.00 0.00 99.05 7913500 7832704 80796 0.10 0.13 0.07 2145248 6978004 7692 46856288 148659888 84965412 13368 12 195 5 0 1 1 1 1 1 000000bd 00000000 00000002 0000003f 00000000 00000000 000000d4 00000000
1346066055 39961.57 158954.09 0.00 0.49 0.07 0.19 0.01 0.00 0.00 99.05 7913500 7832728 80772 0.07 0.12 0.07 2145252 6978000 7692 46856288 148659888 84965412 13368 12 195 5 0 1 1 1 1 1 000000bd 00000000 00000002 0000003f 00000000 00000000 000000d4 00000000
1346066075 39981.77 159034.71 0.00 0.49 0.07 0.19 0.01 0.00 0.00 99.05 7913500 7832752 80748 0.05 0.11 0.07 2145268 6977984 7692 46856288 148659888 84965412 13368 12 195 5 0 1 1 1 1 1 000000bd 00000000 00000002 0000003f 00000000 00000000 000000d4 00000000
1346066095 40001.96 159114.89 0.00 0.49 0.07 0.19 0.01 0.00 0.00 99.05 7913500 7832432 81068 0.04 0.10 0.07 2145280 6977972 7692 46856288 148659888 84965412 13368 12 195 5 0 1 1 1 1 1 000000bd 00000000 00000002 0000003f 00000000 00000000 000000d4 00000000
1346066115 40022.15 159195.26 0.00 0.49 0.07 0.19 0.01 0.00 0.00 99.05 7913500 7832820 80680 0.02 0.09 0.07 2145296 6977956 7692 46856288 148659888 84965412 13368 12 195 5 0 1 1 1 1 1 000000bd 00000000 00000002 0000003f 00000000 00000000 000000d4 00000000
1346066136 40042.34 159275.64 0.00 0.49 0.07 0.19 0.01 0.00 0.00 99.05 7913500 7832944 80556 0.02 0.09 0.06 2145308 6977944 7716 46856264 148659888 84965412 13368 12 195 5 0 1 1 1 1 1 000000bd 00000000 00000002 0000003f 00000000 00000000 000000d4 00000000
1346066156 40062.53 159355.67 0.00 0.49 0.07 0.19 0.01 0.00 0.00 99.05 7913500 7832752 80748 0.01 0.08 0.06 2145320 6977932 7716 46856264 148659888 84965412 13368 12 195 5 0 1 1 1 1 1 000000bd 00000000 00000002 0000003f 00000000 00000000 000000d4 00000000
1346066176 40082.73 159436.00 0.00 0.49 0.07 0.19 0.01 0.00 0.00 99.05 7913500 7832936 80564 0.01 0.07 0.06 2145336 6977916 7716 46856264 148659888 84965412 13368 12 195 5 0 1 1 1 1 1 000000bd 00000000 00000002 0000003f 00000000 00000000 000000d4 00000000
1346066196 40102.92 159516.25 0.00 0.49 0.07 0.19 0.01 0.00 0.00 99.05 7913500 7832984 80516 0.08 0.09 0.06 2145344 6977908 7716 46856264 148659888 84965412 13368 12 195 5 0 1 1 1 1 1 000000bd 00000000 00000002 0000003f 00000000 00000000 000000d4 00000000
1346066216 40123.11 159597.07 0.00 0.49 0.07 0.19 0.01 0.00 0.00 99.05 7913500 7832928 80572 0.26 0.13 0.08 2145356 6977896 7724 46856256 148659888 84965412 13368 12 195 5 0 1 1 1 1 1 000000bd 00000000 00000002 0000003f 00000000 00000000 000000d4 00000000
1346066237 40143.30 159677.39 0.00 0.49 0.07 0.19 0.01 0.00 0.00 99.05 7913500 7832884 80616 0.19 0.12 0.08 2145372 6977880 7732 46856248 148659888 84965412 13368 12 195 5 0 1 1 1 1 1 000000bd 00000000 00000002 0000003f 00000000 00000000 000000d4 00000000
1346066257 40163.49 159758.21 0.00 0.49 0.07 0.19 0.01 0.00 0.00 99.05 7913500 7833008 80492 0.13 0.11 0.07 2145384 6977868 7732 46856248 148659888 84965412 13368 12 195 5 0 1 1 1 1 1 000000bd 00000000 00000002 0000003f 00000000 00000000 000000d4 00000000
1346066277 40183.69 159838.30 0.00 0.49 0.07 0.19 0.01 0.00 0.00 99.05 7913500 7832960 80540 0.10 0.10 0.07 2145396 6977856 7732 46856248 148659888 84965412 13368 12 195 5 0 1 1 1 1 1 000000bd 00000000 00000002 0000003f 00000000 00000000 000000d4 00000000
1346066297 40203.88 159918.66 0.00 0.49 0.07 0.19 0.01 0.00 0.00 99.05 7913500 7832944 80556 0.07 0.09 0.07 2145412 6977840 7732 46856248 148659888 84965412 13368 12 195 5 0 1 1 1 1 1 000000bd 00000000 00000002 0000003f 00000000 00000000 000000d4 00000000
1346066317 40224.07 159999.11 0.00 0.49 0.07 0.19 0.01 0.00 0.00 99.05 7913500 7832944 80556 0.05 0.09 0.07 2145416 6977836 7732 46856248 148659888 84965412 13368 12 195 5 0 1 1 1 1 1 000000bd 00000000 00000002 0000003f 00000000 00000000 000000d4 00000000
1346066338 40244.27 160079.47 0.00 0.49 0.07 0.19 0.01 0.00 0.00 99.05 7913500 7833184 80316 0.03 0.08 0.07 2145436 6977816 7736 46856244 148659888 84965412 13368 12 195 5 0 1 1 1 1 1 000000bd 00000000 00000002 0000003f 00000000 00000000 000000d4 00000000
1346066358 40264.46 160160.16 0.00 0.49 0.07 0.19 0.01 0.00 0.00 99.05 7913500 7833316 80184 0.02 0.07 0.06 2145448 6977804 7744 46856236 148659888 84965412 13368 12 195 5 0 1 1 1 1 1 000000bd 00000000 00000002 0000003f 00000000 00000000 000000d4 00000000
1346066378 40284.65 160240.40 0.00 0.49 0.07 0.19 0.01 0.00 0.00 99.05 7913500 7833008 80492 0.02 0.07 0.06 2145460 6977792 7760 46856220 148659888 84965412 13368 12 195 5 0 1 1 1 1 1 000000bd 00000000 00000002 0000003f 00000000 00000000 000000d4 00000000
1346066398 40304.84 160321.03 0.00 0.49 0.07 0.19 0.01 0.00 0.00 99.05 7913500 7832992 80508 0.01 0.06 0.06 2145476 6977776 7760 46856220 148659888 84965412 13368 12 195 5 0 1 1 1 1 1 000000bd 00000000 00000002 0000003f 00000000 00000000 000000d4 00000000
1346066418 40325.03 160401.17 0.00 0.49 0.07 0.19 0.01 0.00 0.00 99.05 7913500 7833348 80152 0.01 0.06 0.06 2145484 6977768 7760 46856220 148659888 84965412 13368 12 195 5 0 1 1 1 1 1 000000bd 00000000 00000002 0000003f 00000000 00000000 000000d4 00000000
1346066438 40345.22 160481.89 0.00 0.49 0.07 0.19 0.01 0.00 0.00 99.05 7913500 7833300 80200 0.00 0.05 0.06 2145500 6977752 7764 46856216 148659888 84965412 13368 12 196 5 0 1 1 1 1 1 000000bd 00000000 00000002 0000003f 00000000 00000000 000000d4 00000000
1346066459 40365.41 160561.84 0.00 0.49 0.07 0.19 0.01 0.00 0.00 99.05 7913500 7833116 80384 0.00 0.05 0.05 2145512 6977740 7776 46856204 148659888 84965412 13368 12 197 5 0 1 1 1 1 1 000000bd 00000000 00000002 0000003f 00000000 00000000 000000d4 00000000
1346066479 40385.60 160642.38 0.00 0.49 0.07 0.19 0.01 0.00 0.00 99.05 7913500 7833052 80448 0.00 0.05 0.05 2145532 6977720 7788 46856192 148659888 84965412 13368 12 198 5 0 1 1 1 1 1 000000bd 00000000 00000002 0000003f 00000000 00000000 000000d4 00000000
1346066499 40405.79 160722.89 0.00 0.49 0.07 0.19 0.01 0.00 0.00 99.05 7913500 7833184 80316 0.06 0.06 0.06 2145544 6977708 7788 46856192 148659888 84965412 13368 12 198 5 0 1 1 1 1 1 000000bd 00000000 00000002 0000003f 00000000 00000000 000000d4 00000000
1346066519 40425.98 160803.24 0.00 0.49 0.07 0.19 0.01 0.00 0.00 99.05 7913500 7833456 80044 0.04 0.05 0.05 2145560 6977692 7788 46856192 148659888 84965412 13368 12 198 5 0 1 1 1 1 1 000000bd 00000000 00000002 0000003f 00000000 00000000 000000d4 00000000
1346066539 40446.17 160883.31 0.00 0.49 0.07 0.19 0.01 0.00 0.00 99.05 7913500 7833564 79936 0.18 0.08 0.06 2145576 6977676 7792 46856188 148659888 84965412 13368 12 199 5 0 1 1 1 1 1 000000bd 00000000 00000002 0000003f 00000000 00000000 000000d4 00000000
1346066560 40466.36 160963.68 0.00 0.49 0.07 0.19 0.01 0.00 0.00 99.05 7913500 7833292 80208 0.26 0.11 0.07 2145584 6977668 7796 46856184 148659888 84965412 13368 12 200 5 0 1 1 1 1 1 000000bd 00000000 00000002 0000003f 00000000 00000000 000000d4 00000000
1346066580 40486.55 161043.97 0.00 0.49 0.07 0.19 0.01 0.00 0.00 99.05 7913500 7833356 80144 0.18 0.10 0.07 2145604 6977648 7796 46856184 148659888 84965412 13368 12 200 5 0 1 1 1 1 1 000000bd 00000000 00000002 0000003f 00000000 00000000 000000d4 00000000
1346066600 40506.74 161123.82 0.00 0.49 0.07 0.19 0.01 0.00 0.00 99.05 7913500 7833316 80184 0.13 0.09 0.07 2145612 6977640 7796 46856184 148659888 84965412 13368 12 200 5 0 1 1 1 1 1 000000bd 00000000 00000002 0000003f 00000000 00000000 000000d4 00000000
1346066620 40526.93 161204.29 0.00 0.49 0.07 0.19 0.01 0.00 0.00 99.05 7913500 7833496 80004 0.09 0.08 0.06 2145628 6977624 7796 46856184 148659888 84965412 13368 12 200 5 0 1 1 1 1 1 000000bd 00000000 00000002 0000003f 00000000 00000000 000000d4 00000000
1346066640 40547.13 161284.42 0.00 0.49 0.07 0.19 0.01 0.00 0.00 99.05 7913500 7833184 80316 0.07 0.08 0.06 2145640 6977612 7796 46856184 148659888 84965412 13368 12 200 5 0 1 1 1 1 1 000000bd 00000000 00000002 0000003f 00000000 00000000 000000d4 00000000
1346066661 40567.32 161364.59 0.00 0.49 0.07 0.19 0.01 0.00 0.00 99.05 7913500 7833308 80192 0.05 0.07 0.06 2145652 6977600 7808 46856172 148659888 84965412 13368 12 200 5 0 1 1 1 1 1 000000bd 00000000 00000002 0000003f 00000000 00000000 000000d4 00000000
1346066681 40587.51 161445.07 0.00 0.49 0.07 0.19 0.01 0.00 0.00 99.05 7913500 7833548 79952 0.03 0.07 0.06 2145668 6977584 7816 46856164 148659888 84965412 13368 12 200 5 0 1 1 1 1 1 000000bd 00000000 00000002 0000003f 00000000 00000000 000000d4 00000000
1346066701 40607.70 161525.68 0.00 0.49 0.07 0.19 0.01 0.00 0.00 99.05 7913500 7833668 79832 0.02 0.06 0.06 2145680 6977572 7824 46856156 148659888 84965412 13368 12 200 5 0 1 1 1 1 1 000000bd 00000000 00000002 0000003f 00000000 00000000 000000d4 00000000
1346066721 40627.89 161606.32 0.00 0.49 0.07 0.19 0.01 0.00 0.00 99.05 7913500 7833736 79764 0.02 0.06 0.06 2145684 6977568 7824 46856156 148659888 84965412 13368 12 200 5 0 1 1 1 1 1 000000bd 00000000 00000002 0000003f 00000000 00000000 000000d4 00000000
1346066741 40648.08 161686.50 0.00 0.49 0.07 0.19 0.01 0.00 0.00 99.05 7913500 7833556 79944 0.01 0.05 0.05 2145704 6977548 7824 46856156 148659888 84965412 13368 12 200 5 0 1 1 1 1 1 000000bd 00000000 00000002 0000003f 00000000 00000000 000000d4 00000000
1346066762 40668.27 161767.04 0.00 0.49 0.07 0.19 0.01 0.00 0.00 99.05 7913500 7833440 80060 0.01 0.05 0.05 2145716 6977536 7832 46856148 148659888 84965412 13368 12 200 5 0 1 1 1 1 1 000000bd 00000000 00000002 0000003f 00000000 00000000 000000d4 00000000
1346066782 40688.46 161847.47 0.00 0.49 0.07 0.19 0.01 0.00 0.00 99.05 7913500 7833604 79896 0.00 0.04 0.05 2145728 6977524 7840 46856140 148659888 84965412 13368 12 200 5 0 1 1 1 1 1 000000bd 00000000 00000002 0000003f 00000000 00000000 000000d4 00000000
1346066802 40708.65 161928.37 0.00 0.49 0.07 0.19 0.01 0.00 0.00 99.05 7913500 7833784 79716 0.00 0.04 0.05 2145744 6977508 7840 46856140 148659888 84965412 13368 12 200 5 0 1 1 1 1 1 000000bd 00000000 00000002 0000003f 00000000 00000000 000000d4 00000000
1346066822 40728.84 162008.82 0.00 0.49 0.07 0.19 0.01 0.00 0.00 99.05 7913500 7833580 79920 0.00 0.04 0.05 2145752 6977500 7840 46856140 148659888 84965412 13368 12 200 5 0 1 1 1 1 1 000000bd 00000000 00000002 0000003f 00000000 00000000 000000d4 00000000
1346066842 40749.03 162089.63 0.00 0.49 0.07 0.19 0.01 0.00 0.00 99.05 7913500 7833796 79704 0.00 0.03 0.04 2145772 6977480 7840 46856140 148659888 84965412 13368 12 200 5 0 1 1 1 1 1 000000bd 00000000 00000002 0000003f 00000000 00000000 000000d4 00000000
1346066862 40769.23 162169.91 0.00 0.49 0.07 0.19 0.01 0.00 0.00 99.05 7913500 7833812 79688 0.00 0.03 0.04 2145776 6977476 7840 46856140 148659888 84965412 13368 12 200 5 0 1 1 1 1 1 000000bd 00000000 00000002 0000003f 00000000 00000000 000000d4 00000000
1346066883 40789.42 162250.31 0.00 0.49 0.07 0.19 0.01 0.00 0.00 99.05 7913500 7833936 79564 0.00 0.03 0.04 2145792 6977460 7840 46856140 148659888 84965412 13368 12 200 5 0 1 1 1 1 1 000000bd 00000000 00000002 0000003f 00000000 00000000 000000d4 00000000
1346066903 40809.61 162331.05 0.00 0.49 0.07 0.19 0.01 0.00 0.00 99.05 7913500 7833612 79888 0.00 0.03 0.04 2145804 6977448 7848 46856132 148659888 84965412 13368 12 200 5 0 1 1 1 1 1 000000bd 00000000 00000002 0000003f 00000000 00000000 000000d4 00000000
1346066923 40829.80 162411.42 0.00 0.49 0.07 0.19 0.01 0.00 0.00 99.05 7913500 7833860 79640 0.00 0.02 0.04 2145816 6977436 7864 46856116 148659888 84965412 13368 12 200 5 0 1 1 1 1 1 000000bd 00000000 00000002 0000003f 00000000 00000000 000000d4 00000000
1346066943 40849.99 162492.24 0.00 0.49 0.07 0.19 0.01 0.00 0.00 99.05 7913500 7833768 79732 0.00 0.02 0.03 2145828 6977424 7864 46856116 148659888 84965412 13368 12 200 5 0 1 1 1 1 1 000000bd 00000000 00000002 0000003f 00000000 00000000 000000d4 00000000
1346066963 40870.18 162572.77 0.00 0.49 0.07 0.19 0.01 0.00 0.00 99.05 7913500 7833704 79796 0.00 0.02 0.03 2145844 6977408 7864 46856116 148659888 84965412 13368 12 200 5 0 1 1 1 1 1 000000bd 00000000 00000002 0000003f 00000000 00000000 000000d4 00000000
1346066984 40890.37 162653.23 0.00 0.49 0.07 0.19 0.01 0.00 0.00 99.05 7913500 7833588 79912 0.00 0.02 0.03 2145860 6977392 7868 46856112 148659888 84965412 13368 12 200 5 0 1 1 1 1 1 000000bd 00000000 00000002 0000003f 00000000 00000000 000000d4 00000000
1346067004 40910.56 162733.73 0.00 0.49 0.07 0.19 0.01 0.00 0.00 99.05 7913500 7833844 79656 0.00 0.02 0.03 2145864 6977388 7876 46856104 148659888 84965412 13368 12 200 5 0 1 1 1 1 1 000000bd 00000000 00000002 0000003f 00000000 00000000 000000d4 00000000
1346067024 40930.76 162814.42 0.00 0.49 0.07 0.19 0.01 0.00 0.00 99.05 7913500 7833992 79508 0.00 0.01 0.03 2145880 6977372 7884 46856096 148659888 84965412 13368 12 200 5 0 1 1 1 1 1 000000bd 00000000 00000002 0000003f 00000000 00000000 000000d4 00000000
1346067044 40950.95 162894.70 0.00 0.49 0.07 0.19 0.01 0.00 0.00 99.05 7913500 7833992 79508 0.00 0.01 0.02 2145892 6977360 7884 46856096 148659888 84965412 13368 12 200 5 0 1 1 1 1 1 000000bd 00000000 00000002 0000003f 00000000 00000000 000000d4 00000000
1346067064 40971.14 162974.77 0.00 0.49 0.07 0.19 0.01 0.00 0.00 99.05 7913500 7833688 79812 0.00 0.01 0.02 2145904 6977348 7884 46856096 148659888 84965412 13368 12 200 5 0 1 1 1 1 1 000000bd 00000000 00000002 0000003f 00000000 00000000 000000d4 00000000
1346067085 40991.34 163055.46 0.00 0.49 0.07 0.19 0.01 0.00 0.00 99.05 7913500 7833688 79812 0.00 0.01 0.02 2145920 6977332 7884 46856096 148659888 84965412 13368 12 200 5 0 1 1 1 1 1 000000bd 00000000 00000002 0000003f 00000000 00000000 000000d4 00000000
1346067105 41011.53 163135.95 0.00 0.49 0.07 0.19 0.01 0.00 0.00 99.05 7913500 7833588 79912 0.00 0.01 0.02 2145932 6977320 7884 46856096 148659888 84965412 13368 12 200 5 0 1 1 1 1 1 000000bd 00000000 00000002 0000003f 00000000 00000000 000000d4 00000000
1346067125 41031.72 163216.87 0.00 0.49 0.07 0.19 0.01 0.00 0.00 99.05 7913500 7833760 79740 0.00 0.00 0.02 2145944 6977308 7884 46856096 148659888 84965412 13368 12 200 5 0 1 1 1 1 1 000000bd 00000000 00000002 0000003f 00000000 00000000 000000d4 00000000
1346067145 41051.91 163297.36 0.00 0.49 0.07 0.19 0.01 0.00 0.00 99.05 7913500 7833852 79648 0.00 0.00 0.01 2145956 6977296 7900 46856080 148659888 84965412 13368 12 200 5 0 1 1 1 1 1 000000bd 00000000 00000002 0000003f 00000000 00000000 000000d4 00000000
1346067165 41072.10 163377.25 0.00 0.49 0.07 0.19 0.01 0.00 0.00 99.05 7913500 7834060 79440 0.06 0.02 0.02 2145968 6977284 7908 46856072 148659888 84965412 13368 12 200 5 0 1 1 1 1 1 000000bd 00000000 00000002 0000003f 00000000 00000000 000000d4 00000000
1346067186 41092.29 163457.48 0.00 0.49 0.07 0.19 0.01 0.00 0.00 99.05 7913500 7834168 79332 0.04 0.01 0.02 2145984 6977268 7908 46856072 148659888 84965412 13368 12 200 5 0 1 1 1 1 1 000000bd 00000000 00000002 0000003f 00000000 00000000 000000d4 00000000
1346067206 41112.48 163537.89 0.00 0.49 0.07 0.19 0.01 0.00 0.00 99.05 7913500 7833944 79556 0.03 0.01 0.01 2145996 6977256 7908 46856072 148659888 84965412 13368 12 200 5 0 1 1 1 1 1 000000bd 00000000 00000002 0000003f 00000000 00000000 000000d4 00000000
1346067226 41132.67 163618.80 0.00 0.49 0.07 0.19 0.01 0.00 0.00 99.05 7913500 7833820 79680 0.17 0.04 0.02 2146008 6977244 7916 46856064 148659888 84965412 13368 12 200 5 0 1 1 1 1 1 000000bd 00000000 00000002 0000003f 00000000 00000000 000000d4 00000000
1346067246 41152.86 163699.09 0.00 0.49 0.07 0.19 0.01 0.00 0.00 99.05 7913500 7833860 79640 0.33 0.09 0.04 2146024 6977228 7924 46856056 148659888 84965412 13368 12 200 5 0 1 1 1 1 1 000000bd 00000000 00000002 0000003f 00000000 00000000 000000d4 00000000
1346067266 41173.05 163779.69 0.00 0.49 0.07 0.19 0.01 0.00 0.00 99.05 7913500 7833928 79572 0.23 0.08 0.03 2146032 6977220 7924 46856056 148659888 84965412 13368 12 200 5 0 1 1 1 1 1 000000bd 00000000 00000002 0000003f 00000000 00000000 000000d4 00000000
1346067286 41193.25 163860.06 0.00 0.49 0.07 0.19 0.01 0.00 0.00 99.05 7913500 7833936 79564 0.16 0.08 0.03 2146048 6977204 7924 46856056 148659888 84965412 13368 12 200 5 0 1 1 1 1 1 000000bd 00000000 00000002 0000003f 00000000 00000000 000000d4 00000000
1346067307 41213.45 163940.41 0.00 0.49 0.07 0.19 0.01 0.00 0.00 99.05 7913500 7834184 79316 0.12 0.07 0.03 2146060 6977192 7928 46856052 148659888 84965412 13368 12 200 5 0 1 1 1 1 1 000000bd 00000000 00000002 0000003f 00000000 00000000 000000d4 00000000
1346067327 41233.64 164020.98 0.00 0.49 0.07 0.19 0.01 0.00 0.00 99.05 7913500 7833852 79648 0.08 0.06 0.03 2146072 6977180 7928 46856052 148659888 84965412 13368 12 200 5 0 1 1 1 1 1 000000bd 00000000 00000002 0000003f 00000000 00000000 000000d4 00000000
1346067347 41253.83 164101.33 0.00 0.49 0.07 0.19 0.01 0.00 0.00 99.05 7913500 7834100 79400 0.06 0.06 0.03 2146084 6977168 7928 46856052 148659888 84965412 13368 12 200 5 0 1 1 1 1 1 000000bd 00000000 00000002 0000003f 00000000 00000000 000000d4 00000000
1346067367 41274.02 164181.47 0.00 0.49 0.07 0.19 0.01 0.00 0.00 99.05 7913500 7833936 79564 0.04 0.05 0.02 2146096 6977156 7936 46856044 148659888 84965412 13368 12 200 5 0 1 1 1 1 1 000000bd 00000000 00000002 0000003f 00000000 00000000 000000d4 00000000
1346067387 41294.22 164261.93 0.00 0.49 0.07 0.19 0.01 0.00 0.00 99.05 7913500 7834308 79192 0.03 0.05 0.02 2146112 6977140 7952 46856028 148659888 84965412 13368 12 200 5 0 1 1 1 1 1 000000bd 00000000 00000002 0000003f 00000000 00000000 000000d4 00000000
1346067408 41314.41 164342.39 0.00 0.49 0.07 0.19 0.01 0.00 0.00 99.05 7913500 7834036 79464 0.02 0.05 0.02 2146124 6977128 7952 46856028 148659888 84965412 13368 12 200 5 0 1 1 1 1 1 000000bd 00000000 00000002 0000003f 00000000 00000000 000000d4 00000000
1346067428 41334.60 164422.76 0.00 0.49 0.07 0.19 0.01 0.00 0.00 99.05 7913500 7833960 79540 0.01 0.04 0.02 2146140 6977112 7952 46856028 148659888 84965412 13368 12 200 5 0 1 1 1 1 1 000000bd 00000000 00000002 0000003f 00000000 00000000 000000d4 00000000
1346067448 41354.79 164502.97 0.00 0.49 0.07 0.19 0.01 0.00 0.00 99.05 7913500 7833868 79632 0.01 0.04 0.02 2146148 6977104 7952 46856028 148659888 84965412 13368 12 200 5 0 1 1 1 1 1 000000bd 00000000 00000002 0000003f 00000000 00000000 000000d4 00000000
1346067468 41374.99 164583.52 0.00 0.49 0.07 0.19 0.01 0.00 0.00 99.05 7913500 7834200 79300 0.01 0.03 0.01 2146164 6977088 7972 46856008 148659888 84965412 13368 12 203 5 0 1 1 1 1 1 000000bd 00000000 00000002 0000003f 00000000 00000000 000000d4 00000000
1346067488 41395.18 164664.10 0.00 0.49 0.07 0.19 0.01 0.00 0.00 99.06 7913500 7834044 79456 0.00 0.03 0.01 2146176 6977076 7980 46856000 148659888 84965412 13368 12 203 5 0 1 1 1 1 1 000000bd 00000000 00000002 0000003f 00000000 00000000 000000d4 00000000
1346067509 41415.37 164744.80 0.00 0.49 0.07 0.19 0.01 0.00 0.00 99.06 7913500 7834168 79332 0.00 0.03 0.01 2146192 6977060 7980 46856000 148659888 84965412 13368 12 203 5 0 1 1 1 1 1 000000bd 00000000 00000002 0000003f 00000000 00000000 000000d4 00000000
1346067529 41435.57 164825.23 0.00 0.49 0.07 0.19 0.01 0.00 0.00 99.06 7913500 7834160 79340 0.00 0.03 0.01 2146212 6977040 7980 46856000 148659888 84965412 13368 12 203 5 0 1 1 1 1 1 000000bd 00000000 00000002 0000003f 00000000 00000000 000000d4 00000000
1346067549 41455.76 164905.34 0.00 0.49 0.07 0.19 0.01 0.00 0.00 99.06 7913500 7834316 79184 0.00 0.02 0.01 2146224 6977028 7984 46855996 148659888 84965412 13368 12 204 5 0 1 1 1 1 1 000000bd 00000000 00000002 0000003f 00000000 00000000 000000d4 00000000
1346067569 41475.95 164985.83 0.00 0.49 0.07 0.19 0.01 0.00 0.00 99.06 7913500 7834292 79208 0.00 0.02 0.00 2146240 6977012 7988 46855992 148659888 84965412 13368 12 205 5 0 1 1 1 1 1 000000bd 00000000 00000002 0000003f 00000000 00000000 000000d4 00000000
1346067589 41496.15 165065.89 0.00 0.49 0.07 0.19 0.01 0.00 0.00 99.06 7913500 7834036 79464 0.00 0.02 0.00 2146256 6976996 7988 46855992 148659888 84965412 13368 12 205 5 0 1 1 1 1 1 000000bd 00000000 00000002 0000003f 00000000 00000000 000000d4 00000000
1346067610 41516.34 165146.56 0.00 0.49 0.07 0.19 0.01 0.00 0.00 99.06 7913500 7834044 79456 0.00 0.02 0.00 2146272 6976980 7988 46855992 148659888 84965412 13368 12 205 5 0 1 1 1 1 1 000000bd 00000000 00000002 0000003f 00000000 00000000 000000d4 00000000
1346067630 41536.53 165226.91 0.00 0.49 0.07 0.19 0.01 0.00 0.00 99.06 7913500 7833904 79596 0.00 0.02 0.00 2146288 6976964 7992 46855988 148659888 84965412 13368 12 205 5 0 1 1 1 1 1 000000bd 00000000 00000002 0000003f 00000000 00000000 000000d4 00000000
1346067650 41556.73 165307.48 0.00 0.49 0.07 0.19 0.01 0.00 0.00 99.06 7913500 7834556 78944 0.00 0.01 0.00 2146304 6976948 7992 46855988 148659888 84965412 13368 12 205 5 0 1 1 1 1 1 000000bd 00000000 00000002 0000003f 00000000 00000000 000000d4 00000000
1346067670 41576.92 165388.07 0.00 0.49 0.07 0.19 0.01 0.00 0.00 99.06 7913500 7834372 79128 0.00 0.01 0.00 2146316 6976936 7992 46855988 148659888 84965412 13368 12 205 5 0 1 1 1 1 1 000000bd 00000000 00000002 0000003f 00000000 00000000 000000d4 00000000
1346067690 41597.11 165469.07 0.00 0.49 0.07 0.19 0.01 0.00 0.00 99.06 7913500 7834176 79324 0.00 0.01 0.00 2146336 6976916 8016 46855964 148659888 84965412 13368 12 205 5 0 1 1 1 1 1 000000bd 00000000 00000002 0000003f 00000000 00000000 000000d4 00000000
1346067711 41617.29 165549.44 0.00 0.49 0.07 0.19 0.01 0.00 0.00 99.06 7913500 7834308 79192 0.00 0.01 0.00 2146348 6976904 8016 46855964 148659888 84965412 13368 12 205 5 0 1 1 1 1 1 000000bd 00000000 00000002 0000003f 00000000 00000000 000000d4 00000000
1346067731 41637.49 165629.78 0.00 0.49 0.07 0.19 0.01 0.00 0.00 99.06 7913500 7834052 79448 0.00 0.01 0.00 2146364 6976888 8016 46855964 148659888 84965412 13368 12 205 5 0 1 1 1 1 1 000000bd 00000000 00000002 0000003f 00000000 00000000 000000d4 00000000
1346067751 41657.68 165710.46 0.00 0.49 0.07 0.19 0.01 0.00 0.00 99.06 7913500 7834124 79376 0.00 0.00 0.00 2146384 6976868 8016 46855964 148659888 84965412 13368 12 205 5 0 1 1 1 1 1 000000bd 00000000 00000002 0000003f 00000000 00000000 000000d4 00000000
1346067771 41677.87 165790.86 0.00 0.49 0.07 0.19 0.01 0.00 0.00 99.06 7913500 7834248 79252 0.00 0.00 0.00 2146392 6976860 8024 46855956 148659888 84965412 13368 12 205 5 0 1 1 1 1 1 000000bd 00000000 00000002 0000003f 00000000 00000000 000000d4 00000000
1346067791 41698.07 165871.61 0.00 0.49 0.07 0.19 0.01 0.00 0.00 99.06 7913500 7834672 78828 0.00 0.00 0.00 2146412 6976840 8032 46855948 148659888 84965412 13368 12 205 5 0 1 1 1 1 1 000000bd 00000000 00000002 0000003f 00000000 00000000 000000d4 00000000
1346067811 41718.26 165952.15 0.00 0.49 0.07 0.19 0.01 0.00 0.00 99.06 7913500 7834804 78696 0.20 0.05 0.01 2146428 6976824 8032 46855948 148659888 84965412 13368 12 205 5 0 1 1 1 1 1 000000bd 00000000 00000002 0000003f 00000000 00000000 000000d4 00000000
1346067832 41738.45 166033.01 0.00 0.49 0.07 0.19 0.01 0.00 0.00 99.06 7913500 7834472 79028 0.19 0.06 0.02 2146444 6976808 8032 46855948 148659888 84965412 13368 12 205 5 0 1 1 1 1 1 000000bd 00000000 00000002 0000003f 00000000 00000000 000000d4 00000000
1346067852 41758.64 166110.74 0.00 0.49 0.07 0.19 0.01 0.00 0.00 99.06 7913500 7827820 85680 0.36 0.10 0.03 2146468 6976784 8032 46855948 149682564 83942736 13460 12 205 5 0 1 1 1 1 1 000000bf 00000001 00000000 0000003f 0000005d 00000000 000000d7 00000000
1346067872 41778.86 166186.48 0.00 0.49 0.07 0.19 0.01 0.00 0.00 99.05 7913500 7855600 57900 0.26 0.10 0.03 2146500 6976752 8032 46855948 151705684 81919616 13643 12 205 5 0 1 1 1 1 1 000000c2 00000001 00000001 00000040 0000004c 00000000 000000da 00000000
1346067892 41799.10 166261.63 0.00 0.49 0.07 0.19 0.01 0.00 0.00 99.05 7913500 7822576 90924 0.25 0.10 0.03 2146532 6976720 8032 46855948 153839964 79785336 13834 12 205 5 0 1 1 1 1 1 000000c5 00000001 00000002 00000041 00000022 00000000 000000dd 00000000
1346067913 41819.34 166338.12 0.00 0.49 0.07 0.19 0.01 0.00 0.00 99.05 7913500 7590452 323048 0.63 0.19 0.06 2146568 6976684 8040 46855940 155729692 77895608 14004 12 205 5 0 1 1 1 1 1 000000c6 00000000 00000002 00000042 00000000 00000000 000000de 00000000
1346067933 41839.56 166418.45 0.00 0.49 0.07 0.19 0.01 0.00 0.00 99.05 7913500 7596356 317144 0.58 0.21 0.07 2146580 6976672 8060 46855920 155729692 77895608 14004 12 205 5 0 1 1 1 1 1 000000c6 00000000 00000002 00000042 00000000 00000000 000000de 00000000
1346067953 41859.75 166498.56 0.00 0.49 0.07 0.19 0.01 0.00 0.00 99.05 7913500 7596472 317028 0.41 0.20 0.07 2146600 6976652 8060 46855920 155729692 77895608 14004 12 205 5 0 1 1 1 1 1 000000c6 00000000 00000002 00000042 00000000 00000000 000000de 00000000
1346067973 41879.95 166579.13 0.00 0.49 0.07 0.19 0.01 0.00 0.00 99.05 7913500 7596412 317088 0.30 0.18 0.07 2146616 6976636 8060 46855920 155729692 77895608 14004 12 205 5 0 1 1 1 1 1 000000c6 00000000 00000002 00000042 00000000 00000000 000000de 00000000
1346067993 41900.15 166659.00 0.00 0.49 0.07 0.19 0.01 0.00 0.00 99.05 7913500 7596572 316928 0.21 0.17 0.07 2146632 6976620 8060 46855920 155729692 77895608 14004 12 205 5 0 1 1 1 1 1 000000c6 00000000 00000002 00000042 00000000 00000000 000000de 00000000
1346068014 41920.34 166739.29 0.00 0.49 0.07 0.19 0.01 0.00 0.00 99.05 7913500 7596456 317044 0.15 0.16 0.06 2146644 6976608 8076 46855904 155729692 77895608 14004 12 205 5 0 1 1 1 1 1 000000c6 00000000 00000002 00000042 00000000 00000000 000000de 00000000
1346068034 41940.54 166819.77 0.00 0.49 0.07 0.19 0.01 0.00 0.00 99.05 7913500 7596960 316540 0.11 0.15 0.06 2146660 6976592 8076 46855904 155729692 77895608 14004 12 205 5 0 1 1 1 1 1 000000c6 00000000 00000002 00000042 00000000 00000000 000000de 00000000
1346068054 41960.74 166900.33 0.00 0.49 0.07 0.19 0.01 0.00 0.00 99.05 7913500 7596820 316680 0.08 0.14 0.06 2146676 6976576 8076 46855904 155729692 77895608 14004 12 205 5 0 1 1 1 1 1 000000c6 00000000 00000002 00000042 00000000 00000000 000000de 00000000
1346068074 41980.93 166980.74 0.00 0.49 0.07 0.19 0.01 0.00 0.00 99.05 7913500 7596620 316880 0.05 0.13 0.06 2146688 6976564 8076 46855904 155729692 77895608 14004 12 205 5 0 1 1 1 1 1 000000c6 00000000 00000002 00000042 00000000 00000000 000000de 00000000
1346068094 42001.12 167061.06 0.00 0.49 0.07 0.19 0.01 0.00 0.00 99.05 7913500 7596704 316796 0.04 0.12 0.06 2146712 6976540 8076 46855904 155729692 77895608 14004 12 205 5 0 1 1 1 1 1 000000c6 00000000 00000002 00000042 00000000 00000000 000000de 00000000
1346068115 42021.32 167141.28 0.00 0.49 0.07 0.19 0.01 0.00 0.00 99.05 7913500 7596076 317424 0.03 0.11 0.05 2146720 6976532 8076 46855904 155729692 77895608 14004 12 205 5 0 1 1 1 1 1 000000c6 00000000 00000002 00000042 00000000 00000000 000000de 00000000
1346068135 42041.52 167221.36 0.00 0.49 0.07 0.19 0.01 0.00 0.00 99.05 7913500 7597084 316416 0.02 0.10 0.05 2146740 6976512 8076 46855904 155729692 77895608 14004 12 205 5 0 1 1 1 1 1 000000c6 00000000 00000002 00000042 00000000 00000000 000000de 00000000
1346068155 42061.71 167301.74 0.00 0.49 0.07 0.19 0.01 0.00 0.00 99.05 7913500 7596960 316540 0.01 0.09 0.05 2146756 6976496 8092 46855888 155729692 77895608 14004 12 205 5 0 1 1 1 1 1 000000c6 00000000 00000002 00000042 00000000 00000000 000000de 00000000
1346068175 42081.91 167382.00 0.00 0.49 0.07 0.19 0.01 0.00 0.00 99.05 7913500 7596704 316796 0.01 0.09 0.05 2146768 6976484 8100 46855880 155729692 77895608 14004 12 205 5 0 1 1 1 1 1 000000c6 00000000 00000002 00000042 00000000 00000000 000000de 00000000
1346068195 42102.10 167462.42 0.00 0.49 0.07 0.19 0.01 0.00 0.00 99.05 7913500 7596960 316540 0.00 0.08 0.05 2146788 6976464 8100 46855880 155729692 77895608 14004 12 205 5 0 1 1 1 1 1 000000c6 00000000 00000002 00000042 00000000 00000000 000000de 00000000
1346068216 42122.30 167542.49 0.00 0.49 0.07 0.19 0.01 0.00 0.00 99.05 7913500 7596944 316556 0.00 0.07 0.04 2146800 6976452 8100 46855880 155729692 77895608 14004 12 205 5 0 1 1 1 1 1 000000c6 00000000 00000002 00000042 00000000 00000000 000000de 00000000
1346068236 42142.49 167622.69 0.00 0.49 0.07 0.19 0.01 0.00 0.00 99.05 7913500 7596960 316540 0.00 0.07 0.04 2146812 6976440 8108 46855872 155729692 77895608 14004 12 205 5 0 1 1 1 1 1 000000c6 00000000 00000002 00000042 00000000 00000000 000000de 00000000
1346068256 42162.69 167703.43 0.00 0.49 0.07 0.19 0.01 0.00 0.00 99.05 7913500 7596828 316672 0.00 0.06 0.04 2146832 6976420 8120 46855860 155729692 77895608 14004 12 205 5 0 1 1 1 1 1 000000c6 00000000 00000002 00000042 00000000 00000000 000000de 00000000
1346068276 42182.89 167784.23 0.00 0.49 0.07 0.19 0.01 0.00 0.00 99.05 7913500 7597076 316424 0.00 0.06 0.04 2146848 6976404 8120 46855860 155729692 77895608 14004 12 205 5 0 1 1 1 1 1 000000c6 00000000 00000002 00000042 00000000 00000000 000000de 00000000
1346068296 42203.09 167864.64 0.00 0.49 0.07 0.19 0.01 0.00 0.00 99.05 7913500 7596820 316680 0.00 0.05 0.04 2146860 6976392 8120 46855860 155729692 77895608 14004 12 205 5 0 1 1 1 1 1 000000c6 00000000 00000002 00000042 00000000 00000000 000000de 00000000
1346068317 42223.28 167944.77 0.00 0.49 0.07 0.19 0.01 0.00 0.00 99.05 7913500 7596952 316548 0.00 0.05 0.04 2146880 6976372 8120 46855860 155729692 77895608 14004 12 205 5 0 1 1 1 1 1 000000c6 00000000 00000002 00000042 00000000 00000000 000000de 00000000
1346068337 42243.48 168025.71 0.00 0.49 0.07 0.19 0.01 0.00 0.00 99.05 7913500 7596704 316796 0.00 0.05 0.03 2146888 6976364 8120 46855860 155729692 77895608 14004 12 205 5 0 1 1 1 1 1 000000c6 00000000 00000002 00000042 00000000 00000000 000000de 00000000
1346068357 42263.67 168105.99 0.00 0.49 0.07 0.19 0.01 0.00 0.00 99.05 7913500 7596944 316556 0.00 0.04 0.03 2146912 6976340 8120 46855860 155729692 77895608 14004 12 205 5 0 1 1 1 1 1 000000c6 00000000 00000002 00000042 00000000 00000000 000000de 00000000
1346068377 42283.86 168186.84 0.00 0.49 0.07 0.19 0.01 0.00 0.00 99.05 7913500 7596852 316648 0.00 0.04 0.03 2146924 6976328 8120 46855860 155729692 77895608 14004 12 205 5 0 1 1 1 1 1 000000c6 00000000 00000002 00000042 00000000 00000000 000000de 00000000
1346068397 42304.06 168267.05 0.00 0.49 0.07 0.19 0.01 0.00 0.00 99.05 7913500 7597060 316440 0.00 0.03 0.03 2146940 6976312 8144 46855836 155729692 77895608 14004 12 205 5 0 1 1 1 1 1 000000c6 00000000 00000002 00000042 00000000 00000000 000000de 00000000
1346068417 42324.26 168347.24 0.00 0.49 0.07 0.19 0.01 0.00 0.00 99.05 7913500 7597308 316192 0.00 0.03 0.03 2146960 6976292 8144 46855836 155729692 77895608 14004 12 205 5 0 1 1 1 1 1 000000c6 00000000 00000002 00000042 00000000 00000000 000000de 00000000
1346068438 42344.45 168427.33 0.00 0.49 0.07 0.19 0.01 0.00 0.00 99.05 7913500 7597084 316416 0.00 0.03 0.02 2146968 6976284 8144 46855836 155729692 77895608 14004 12 205 5 0 1 1 1 1 1 000000c6 00000000 00000002 00000042 00000000 00000000 000000de 00000000
1346068458 42364.65 168507.61 0.00 0.49 0.07 0.19 0.01 0.00 0.00 99.05 7913500 7597092 316408 0.06 0.04 0.03 2146988 6976264 8144 46855836 155729692 77895608 14004 12 205 5 0 1 1 1 1 1 000000c6 00000000 00000002 00000042 00000000 00000000 000000de 00000000
1346068478 42384.84 168587.58 0.00 0.49 0.07 0.19 0.01 0.00 0.00 99.05 7913500 7597076 316424 0.10 0.05 0.03 2147000 6976252 8168 46855812 155729692 77895608 14004 12 207 5 0 1 1 1 1 1 000000c6 00000000 00000002 00000042 00000000 00000000 000000de 00000000
1346068498 42405.04 168667.51 0.00 0.49 0.07 0.19 0.01 0.00 0.00 99.05 7913500 7597084 316416 0.07 0.05 0.03 2147016 6976236 8172 46855808 155729692 77895608 14004 12 208 5 0 1 1 1 1 1 000000c6 00000000 00000002 00000042 00000000 00000000 000000de 00000000
1346068518 42425.24 168747.50 0.00 0.49 0.07 0.19 0.01 0.00 0.00 99.05 7913500 7597192 316308 0.05 0.04 0.03 2147024 6976228 8172 46855808 155729692 77895608 14004 12 208 5 0 1 1 1 1 1 000000c6 00000000 00000002 00000042 00000000 00000000 000000de 00000000
1346068539 42445.43 168827.94 0.00 0.49 0.07 0.19 0.01 0.00 0.00 99.05 7913500 7597076 316424 0.03 0.04 0.02 2147040 6976212 8172 46855808 155729692 77895608 14004 12 208 5 0 1 1 1 1 1 000000c6 00000000 00000002 00000042 00000000 00000000 000000de 00000000
1346068559 42465.63 168908.91 0.00 0.49 0.07 0.19 0.01 0.00 0.00 99.05 7913500 7597332 316168 0.02 0.04 0.02 2147056 6976196 8176 46855804 155729692 77895608 14004 12 209 5 0 1 1 1 1 1 000000c6 00000000 00000002 00000042 00000000 00000000 000000de 00000000
1346068579 42485.82 168989.15 0.00 0.49 0.07 0.19 0.01 0.00 0.00 99.05 7913500 7597348 316152 0.02 0.03 0.02 2147068 6976184 8184 46855796 155729692 77895608 14004 12 210 5 0 1 1 1 1 1 000000c6 00000000 00000002 00000042 00000000 00000000 000000de 00000000
1346068599 42506.02 169069.76 0.00 0.49 0.07 0.19 0.01 0.00 0.00 99.05 7913500 7597208 316292 0.23 0.08 0.03 2147088 6976164 8184 46855796 155729692 77895608 14004 12 210 5 0 1 1 1 1 1 000000c6 00000000 00000002 00000042 00000000 00000000 000000de 00000000
1346068619 42526.22 169149.96 0.00 0.49 0.07 0.19 0.01 0.00 0.00 99.05 7913500 7597572 315928 0.29 0.10 0.04 2147096 6976156 8184 46855796 155729692 77895608 14004 12 210 5 0 1 1 1 1 1 000000c6 00000000 00000002 00000042 00000000 00000000 000000de 00000000
1346068640 42546.41 169230.61 0.00 0.49 0.07 0.19 0.01 0.00 0.00 99.05 7913500 7597448 316052 0.21 0.10 0.04 2147116 6976136 8184 46855796 155729692 77895608 14004 12 210 5 0 1 1 1 1 1 000000c6 00000000 00000002 00000042 00000000 00000000 000000de 00000000
1346068660 42566.61 169311.38 0.00 0.49 0.07 0.19 0.01 0.00 0.00 99.05 7913500 7597340 316160 0.15 0.09 0.04 2147124 6976128 8184 46855796 155729692 77895608 14004 12 210 5 0 1 1 1 1 1 000000c6 00000000 00000002 00000042 00000000 00000000 000000de 00000000
1346068680 42586.81 169391.54 0.00 0.49 0.07 0.19 0.01 0.00 0.00 99.05 7913500 7597316 316184 0.11 0.08 0.04 2147136 6976116 8184 46855796 155729692 77895608 14004 12 210 5 0 1 1 1 1 1 000000c6 00000000 00000002 00000042 00000000 00000000 000000de 00000000
1346068700 42607.00 169472.32 0.00 0.49 0.07 0.19 0.01 0.00 0.00 99.05 7913500 7597216 316284 0.08 0.08 0.04 2147152 6976100 8200 46855780 155729692 77895608 14004 12 210 5 0 1 1 1 1 1 000000c6 00000000 00000002 00000042 00000000 00000000 000000de 00000000
1346068720 42627.21 169552.39 0.00 0.49 0.07 0.19 0.01 0.00 0.00 99.05 7913500 7597448 316052 0.05 0.07 0.03 2147164 6976088 8208 46855772 155729692 77895608 14004 12 210 5 0 1 1 1 1 1 000000c6 00000000 00000002 00000042 00000000 00000000 000000de 00000000
1346068741 42647.40 169632.53 0.00 0.49 0.07 0.19 0.01 0.00 0.00 99.05 7913500 7597324 316176 0.04 0.06 0.03 2147176 6976076 8208 46855772 155729692 77895608 14004 12 210 5 0 1 1 1 1 1 000000c6 00000000 00000002 00000042 00000000 00000000 000000de 00000000
1346068761 42667.60 169712.56 0.00 0.49 0.07 0.19 0.01 0.00 0.00 99.05 7913500 7597432 316068 0.03 0.06 0.03 2147192 6976060 8208 46855772 155729692 77895608 14004 12 210 5 0 1 1 1 1 1 000000c6 00000000 00000002 00000042 00000000 00000000 000000de 00000000
1346068781 42687.79 169792.40 0.00 0.49 0.07 0.19 0.01 0.00 0.00 99.05 7913500 7597440 316060 0.02 0.05 0.03 2147208 6976044 8216 46855764 155729692 77895608 14004 12 210 5 0 1 1 1 1 1 000000c6 00000000 00000002 00000042 00000000 00000000 000000de 00000000
1346068801 42707.99 169872.24 0.00 0.49 0.07 0.19 0.01 0.00 0.00 99.05 7913500 7597324 316176 0.01 0.05 0.03 2147220 6976032 8224 46855756 155729692 77895608 14004 12 210 5 0 1 1 1 1 1 000000c6 00000000 00000002 00000042 00000000 00000000 000000de 00000000
1346068821 42728.19 169952.47 0.00 0.49 0.07 0.19 0.01 0.00 0.00 99.05 7913500 7597060 316440 0.01 0.05 0.02 2147236 6976016 8224 46855756 155729692 77895608 14004 12 210 5 0 1 1 1 1 1 000000c6 00000000 00000002 00000042 00000000 00000000 000000de 00000000
1346068842 42748.38 170032.70 0.00 0.49 0.07 0.19 0.01 0.00 0.00 99.05 7913500 7597316 316184 0.00 0.04 0.02 2147248 6976004 8224 46855756 155729692 77895608 14004 12 210 5 0 1 1 1 1 1 000000c6 00000000 00000002 00000042 00000000 00000000 000000de 00000000
1346068862 42768.58 170112.95 0.00 0.49 0.07 0.19 0.01 0.00 0.00 99.05 7913500 7597580 315920 0.00 0.04 0.02 2147260 6975992 8224 46855756 155729692 77895608 14004 12 210 5 0 1 1 1 1 1 000000c6 00000000 00000002 00000042 00000000 00000000 000000de 00000000
1346068882 42788.78 170193.73 0.00 0.49 0.07 0.19 0.01 0.00 0.00 99.05 7913500 7597944 315556 0.00 0.04 0.02 2147272 6975980 8224 46855756 155729692 77895608 14004 12 210 5 0 1 1 1 1 1 000000c6 00000000 00000002 00000042 00000000 00000000 000000de 00000000
1346068902 42808.97 170274.03 0.00 0.49 0.07 0.19 0.01 0.00 0.00 99.05 7913500 7597424 316076 0.00 0.03 0.02 2147288 6975964 8228 46855752 155729692 77895608 14004 12 210 5 0 1 1 1 1 1 000000c6 00000000 00000002 00000042 00000000 00000000 000000de 00000000
1346068922 42829.17 170354.77 0.00 0.49 0.07 0.19 0.01 0.00 0.00 99.05 7913500 7597688 315812 0.00 0.03 0.01 2147300 6975952 8228 46855752 155729692 77895608 14004 12 210 5 0 1 1 1 1 1 000000c6 00000000 00000002 00000042 00000000 00000000 000000de 00000000
1346068943 42849.37 170435.15 0.00 0.49 0.07 0.19 0.01 0.00 0.00 99.05 7913500 7597572 315928 0.00 0.03 0.01 2147316 6975936 8252 46855728 155729692 77895608 14004 12 210 5 0 1 1 1 1 1 000000c6 00000000 00000002 00000042 00000000 00000000 000000de 00000000
1346068963 42869.57 170516.12 0.00 0.49 0.07 0.19 0.01 0.00 0.00 99.05 7913500 7597588 315912 0.00 0.02 0.01 2147328 6975924 8252 46855728 155729692 77895608 14004 12 210 5 0 1 1 1 1 1 000000c6 00000000 00000002 00000042 00000000 00000000 000000de 00000000
1346068983 42889.76 170596.49 0.00 0.49 0.07 0.19 0.01 0.00 0.00 99.05 7913500 7597712 315788 0.00 0.02 0.01 2147344 6975908 8252 46855728 155729692 77895608 14004 12 210 5 0 1 1 1 1 1 000000c6 00000000 00000002 00000042 00000000 00000000 000000de 00000000
1346069003 42909.96 170677.28 0.00 0.49 0.07 0.19 0.01 0.00 0.00 99.05 7913500 7597852 315648 0.00 0.02 0.01 2147360 6975892 8252 46855728 155729692 77895608 14004 12 210 5 0 1 1 1 1 1 000000c6 00000000 00000002 00000042 00000000 00000000 000000de 00000000
1346069023 42930.15 170757.33 0.00 0.49 0.07 0.19 0.01 0.00 0.00 99.05 7913500 7597820 315680 0.00 0.02 0.00 2147368 6975884 8268 46855712 155729692 77895608 14004 12 210 5 0 1 1 1 1 1 000000c6 00000000 00000002 00000042 00000000 00000000 000000de 00000000
1346069044 42950.35 170837.76 0.00 0.49 0.07 0.19 0.01 0.00 0.00 99.05 7913500 7597804 315696 0.00 0.02 0.00 2147388 6975864 8268 46855712 155729692 77895608 14004 12 210 5 0 1 1 1 1 1 000000c6 00000000 00000002 00000042 00000000 00000000 000000de 00000000
1346069064 42970.55 170917.90 0.00 0.49 0.07 0.19 0.01 0.00 0.00 99.05 7913500 7597704 315796 0.00 0.01 0.00 2147396 6975856 8268 46855712 155729692 77895608 14004 12 210 5 0 1 1 1 1 1 000000c6 00000000 00000002 00000042 00000000 00000000 000000de 00000000
1346069084 42990.75 170998.00 0.00 0.49 0.07 0.19 0.01 0.00 0.00 99.05 7913500 7598124 315376 0.15 0.05 0.01 2147408 6975844 8268 46855712 155729692 77895608 14004 12 210 5 0 1 1 1 1 1 000000c6 00000000 00000002 00000042 00000000 00000000 000000de 00000000
1346069104 43010.94 171078.66 0.00 0.49 0.07 0.19 0.01 0.00 0.00 99.05 7913500 7597504 315996 0.24 0.07 0.02 2147424 6975828 8268 46855712 155729692 77895608 14004 12 210 5 0 1 1 1 1 1 000000c6 00000000 00000002 00000042 00000000 00000000 000000de 00000000
1346069124 43031.14 171158.91 0.00 0.49 0.07 0.19 0.01 0.00 0.00 99.05 7913500 7597572 315928 0.21 0.08 0.02 2147436 6975816 8268 46855712 155729692 77895608 14004 12 210 5 0 1 1 1 1 1 000000c6 00000000 00000002 00000042 00000000 00000000 000000de 00000000
1346069145 43051.33 171239.17 0.00 0.49 0.07 0.19 0.01 0.00 0.00 99.05 7913500 7597828 315672 0.15 0.08 0.02 2147452 6975800 8268 46855712 155729692 77895608 14004 12 210 5 0 1 1 1 1 1 000000c6 00000000 00000002 00000042 00000000 00000000 000000de 00000000
1346069165 43071.53 171319.36 0.00 0.49 0.07 0.19 0.01 0.00 0.00 99.05 7913500 7597564 315936 0.11 0.07 0.02 2147464 6975788 8284 46855696 155729692 77895608 14004 12 210 5 0 1 1 1 1 1 000000c6 00000000 00000002 00000042 00000000 00000000 000000de 00000000
1346069185 43091.73 171399.41 0.00 0.49 0.07 0.19 0.01 0.00 0.00 99.05 7913500 7597664 315836 0.08 0.06 0.02 2147480 6975772 8292 46855688 155729692 77895608 14004 12 210 5 0 1 1 1 1 1 000000c6 00000000 00000002 00000042 00000000 00000000 000000de 00000000
1346069205 43111.92 171479.77 0.00 0.49 0.07 0.19 0.01 0.00 0.00 99.05 7913500 7597564 315936 0.05 0.06 0.01 2147496 6975756 8292 46855688 155729692 77895608 14004 12 210 5 0 1 1 1 1 1 000000c6 00000000 00000002 00000042 00000000 00000000 000000de 00000000
1346069225 43132.12 171560.08 0.00 0.49 0.07 0.19 0.01 0.00 0.00 99.05 7913500 7597936 315564 0.04 0.05 0.01 2147508 6975744 8296 46855684 155729692 77895608 14004 12 210 5 0 1 1 1 1 1 000000c6 00000000 00000002 00000042 00000000 00000000 000000de 00000000
1346069246 43152.31 171640.30 0.00 0.49 0.07 0.19 0.01 0.00 0.00 99.05 7913500 7597944 315556 0.03 0.05 0.01 2147520 6975732 8304 46855676 155729692 77895608 14004 12 210 5 0 1 1 1 1 1 000000c6 00000000 00000002 00000042 00000000 00000000 000000de 00000000
1346069266 43172.51 171720.32 0.00 0.49 0.07 0.19 0.01 0.00 0.00 99.05 7913500 7597820 315680 0.02 0.05 0.01 2147536 6975716 8312 46855668 155729692 77895608 14004 12 210 5 0 1 1 1 1 1 000000c6 00000000 00000002 00000042 00000000 00000000 000000de 00000000
1346069286 43192.71 171800.71 0.00 0.49 0.07 0.19 0.01 0.00 0.00 99.05 7913500 7597944 315556 0.23 0.09 0.02 2147544 6975708 8312 46855668 155729692 77895608 14004 12 210 5 0 1 1 1 1 1 000000c6 00000000 00000002 00000042 00000000 00000000 000000de 00000000
1346069306 43212.90 171880.69 0.00 0.49 0.07 0.19 0.01 0.00 0.00 99.05 7913500 7597820 315680 0.17 0.08 0.02 2147560 6975692 8312 46855668 155729692 77895608 14004 12 210 5 0 1 1 1 1 1 000000c6 00000000 00000002 00000042 00000000 00000000 000000de 00000000
1346069326 43233.10 171960.80 0.00 0.49 0.07 0.19 0.01 0.00 0.00 99.05 7913500 7598068 315432 0.12 0.08 0.02 2147572 6975680 8312 46855668 155729692 77895608 14004 12 210 5 0 1 1 1 1 1 000000c6 00000000 00000002 00000042 00000000 00000000 000000de 00000000
1346069347 43253.29 172040.96 0.00 0.49 0.07 0.19 0.01 0.00 0.00 99.05 7913500 7597944 315556 0.08 0.07 0.02 2147588 6975664 8312 46855668 155729692 77895608 14004 12 210 5 0 1 1 1 1 1 000000c6 00000000 00000002 00000042 00000000 00000000 000000de 00000000
1346069367 43273.49 172120.88 0.00 0.49 0.07 0.19 0.01 0.00 0.00 99.05 7913500 7597580 315920 0.06 0.07 0.01 2147600 6975652 8312 46855668 155729692 77895608 14004 12 210 5 0 1 1 1 1 1 000000c6 00000000 00000002 00000042 00000000 00000000 000000de 00000000
1346069387 43293.69 172201.20 0.00 0.49 0.07 0.19 0.01 0.00 0.00 99.05 7913500 7597944 315556 0.04 0.06 0.01 2147612 6975640 8312 46855668 155729692 77895608 14004 12 210 5 0 1 1 1 1 1 000000c6 00000000 00000002 00000042 00000000 00000000 000000de 00000000
1346069407 43313.88 172281.63 0.00 0.49 0.07 0.19 0.01 0.00 0.00 99.05 7913500 7597944 315556 0.03 0.06 0.01 2147632 6975620 8336 46855644 155729692 77895608 14004 12 210 5 0 1 1 1 1 1 000000c6 00000000 00000002 00000042 00000000 00000000 000000de 00000000
1346069427 43334.08 172362.24 0.00 0.49 0.07 0.19 0.01 0.00 0.00 99.05 7913500 7598068 315432 0.02 0.05 0.01 2147644 6975608 8336 46855644 155729692 77895608 14004 12 210 5 0 1 1 1 1 1 000000c6 00000000 00000002 00000042 00000000 00000000 000000de 00000000
1346069448 43354.27 172442.52 0.00 0.49 0.07 0.19 0.01 0.00 0.00 99.05 7913500 7598068 315432 0.01 0.05 0.01 2147660 6975592 8336 46855644 155729692 77895608 14004 12 210 5 0 1 1 1 1 1 000000c6 00000000 00000002 00000042 00000000 00000000 000000de 00000000
1346069468 43374.47 172523.13 0.00 0.49 0.07 0.19 0.01 0.00 0.00 99.05 7913500 7598168 315332 0.01 0.04 0.00 2147668 6975584 8336 46855644 155729692 77895608 14004 12 210 5 0 1 1 1 1 1 000000c6 00000000 00000002 00000042 00000000 00000000 000000de 00000000
1346069488 43394.67 172603.20 0.00 0.49 0.07 0.19 0.01 0.00 0.00 99.05 7913500 7598440 315060 0.01 0.04 0.00 2147684 6975568 8352 46855628 155729692 77895608 14004 12 212 5 0 1 1 1 1 1 000000c6 00000000 00000002 00000042 00000000 00000000 000000de 00000000
1346069508 43414.87 172683.69 0.00 0.49 0.07 0.19 0.01 0.00 0.00 99.05 7913500 7598052 315448 0.00 0.04 0.00 2147700 6975552 8364 46855616 155729692 77895608 14004 12 213 5 0 1 1 1 1 1 000000c6 00000000 00000002 00000042 00000000 00000000 000000de 00000000
1346069528 43435.06 172763.94 0.00 0.49 0.07 0.19 0.01 0.00 0.00 99.05 7913500 7598388 315112 0.00 0.03 0.00 2147712 6975540 8364 46855616 155729692 77895608 14004 12 213 5 0 1 1 1 1 1 000000c6 00000000 00000002 00000042 00000000 00000000 000000de 00000000
1346069548 43455.26 172843.92 0.00 0.49 0.07 0.19 0.01 0.00 0.00 99.05 7913500 7598084 315416 0.00 0.03 0.00 2147732 6975520 8368 46855612 155729692 77895608 14004 12 213 5 0 1 1 1 1 1 000000c6 00000000 00000002 00000042 00000000 00000000 000000de 00000000
1346069569 43475.45 172923.88 0.00 0.49 0.07 0.19 0.01 0.00 0.00 99.05 7913500 7598332 315168 0.00 0.03 0.00 2147744 6975508 8372 46855608 155729692 77895608 14004 12 214 5 0 1 1 1 1 1 000000c6 00000000 00000002 00000042 00000000 00000000 000000de 00000000
1346069589 43495.65 173004.39 0.00 0.49 0.07 0.19 0.01 0.00 0.00 99.05 7913500 7598208 315292 0.00 0.03 0.00 2147760 6975492 8376 46855604 155729692 77895608 14004 12 215 5 0 1 1 1 1 1 000000c6 00000000 00000002 00000042 00000000 00000000 000000de 00000000
1346069609 43515.85 173084.62 0.00 0.49 0.07 0.19 0.01 0.00 0.00 99.05 7913500 7598216 315284 0.00 0.02 0.00 2147776 6975476 8376 46855604 155729692 77895608 14004 12 215 5 0 1 1 1 1 1 000000c6 00000000 00000002 00000042 00000000 00000000 000000de 00000000
