1346047840 21747.00 86508.05 0.00 0.47 0.07 0.18 0.01 0.00 0.00 99.09 7913500 7826060 87440 0.03 0.04 0.01 2131332 6991920 4208 46859772 77961828 155663472 7008 7 105 5 0 1 1 1 1 1 00000063 00000000 00000002 00000021 00000000 00000000 00000070 00000000
1346047860 21767.15 86588.75 0.00 0.47 0.07 0.18 0.01 0.00 0.00 99.09 7913500 7826780 86720 0.02 0.04 0.01 2131344 6991908 4212 46859768 77961828 155663472 7008 7 105 5 0 1 1 1 1 1 00000063 00000000 00000002 00000021 00000000 00000000 00000070 00000000
1346047881 21787.30 86668.54 0.00 0.47 0.07 0.18 0.01 0.00 0.00 99.09 7913500 7825964 87536 0.01 0.04 0.01 2131360 6991892 4212 46859768 77961828 155663472 7008 7 105 5 0 1 1 1 1 1 00000063 00000000 00000002 00000021 00000000 00000000 00000070 00000000
1346047901 21807.45 86748.62 0.00 0.47 0.07 0.18 0.01 0.00 0.00 99.09 7913500 7826220 87280 0.01 0.03 0.01 2131372 6991880 4212 46859768 77961828 155663472 7008 7 105 5 0 1 1 1 1 1 00000063 00000000 00000002 00000021 00000000 00000000 00000070 00000000
1346047921 21827.60 86828.21 0.00 0.47 0.07 0.18 0.01 0.00 0.00 99.09 7913500 7825956 87544 0.00 0.03 0.01 2131392 6991860 4212 46859768 77961828 155663472 7008 7 105 5 0 1 1 1 1 1 00000063 00000000 00000002 00000021 00000000 00000000 00000070 00000000
1346047941 21847.74 86908.67 0.00 0.47 0.07 0.18 0.01 0.00 0.00 99.09 7913500 7825684 87816 0.00 0.03 0.00 2131408 6991844 4212 46859768 77961828 155663472 7008 7 105 5 0 1 1 1 1 1 00000063 00000000 00000002 00000021 00000000 00000000 00000070 00000000
1346047961 21867.88 86988.82 0.00 0.47 0.07 0.18 0.01 0.00 0.00 99.09 7913500 7826204 87296 0.00 0.02 0.00 2131420 6991832 4220 46859760 77961828 155663472 7008 7 105 5 0 1 1 1 1 1 00000063 00000000 00000002 00000021 00000000 00000000 00000070 00000000
1346047981 21888.04 87069.06 0.00 0.47 0.07 0.18 0.01 0.00 0.00 99.09 7913500 7826336 87164 0.44 0.12 0.03 2131440 6991812 4236 46859744 77961828 155663472 7008 7 105 5 0 1 1 1 1 1 00000064 00000000 00000000 00000021 00000000 00000000 00000072 00000000
1346048001 21908.19 87144.76 0.00 0.47 0.07 0.18 0.01 0.00 0.00 99.08 7913500 7855856 57644 0.80 0.22 0.07 2131472 6991780 4244 46859736 80084992 153540308 7200 7 105 5 0 1 1 1 1 1 00000065 00000001 00000000 00000021 000000c1 00000000 00000073 00000000
1346048022 21928.37 87220.27 0.00 0.48 0.07 0.18 0.01 0.00 0.00 99.08 7913500 7598680 314820 0.57 0.21 0.07 2131504 6991748 4252 46859728 82108112 151517188 7382 7 105 5 0 1 1 1 1 1 00000068 00000001 00000001 00000022 000000ae 00000000 00000076 00000000
1346048042 21948.55 87296.17 0.00 0.48 0.07 0.18 0.01 0.00 0.00 99.07 7913500 7822840 90660 0.57 0.23 0.07 2131540 6991712 4252 46859728 84431368 149193932 7592 7 105 5 0 1 1 1 1 1 0000006b 00000001 00000002 00000023 0000005c 00000000 00000079 00000000
1346048062 21968.75 87375.04 0.00 0.48 0.07 0.18 0.01 0.00 0.00 99.07 7913500 7844360 69140 0.54 0.24 0.08 2131564 6991688 4252 46859728 85031632 148593668 7644 7 105 5 0 1 1 1 1 1 0000006c 00000000 00000002 00000024 00000000 00000000 0000007a 00000000
1346048082 21988.91 87454.61 0.00 0.48 0.07 0.18 0.01 0.00 0.00 99.07 7913500 7844948 68552 0.45 0.24 0.09 2131580 6991672 4252 46859728 85031632 148593668 7644 7 105 5 0 1 1 1 1 1 0000006c 00000000 00000002 00000024 00000000 00000000 0000007a 00000000
1346048102 22009.05 87534.77 0.00 0.48 0.07 0.18 0.01 0.00 0.00 99.07 7913500 7845376 68124 0.41 0.25 0.09 2131596 6991656 4252 46859728 85031632 148593668 7644 7 105 5 0 1 1 1 1 1 0000006c 00000000 00000002 00000024 00000000 00000000 0000007a 00000000
1346048122 22029.20 87615.21 0.00 0.48 0.07 0.18 0.01 0.00 0.00 99.07 7913500 7845112 68388 0.29 0.24 0.09 2131608 6991644 4252 46859728 85031632 148593668 7644 7 105 5 0 1 1 1 1 1 0000006c 00000000 00000002 00000024 00000000 00000000 0000007a 00000000
1346048143 22049.36 87695.56 0.00 0.48 0.07 0.18 0.01 0.00 0.00 99.07 7913500 7845360 68140 0.21 0.22 0.09 2131624 6991628 4252 46859728 85031632 148593668 7644 7 105 5 0 1 1 1 1 1 0000006c 00000000 00000002 00000024 00000000 00000000 0000007a 00000000
1346048163 22069.51 87775.98 0.00 0.48 0.07 0.18 0.01 0.00 0.00 99.07 7913500 7845220 68280 0.15 0.20 0.09 2131644 6991608 4252 46859728 85031632 148593668 7644 7 105 5 0 1 1 1 1 1 0000006c 00000000 00000002 00000024 00000000 00000000 0000007a 00000000
1346048183 22089.67 87855.90 0.00 0.48 0.07 0.18 0.01 0.00 0.00 99.07 7913500 7845104 68396 0.11 0.19 0.08 2131652 6991600 4264 46859716 85031632 148593668 7644 7 105 5 0 1 1 1 1 1 0000006c 00000000 00000002 00000024 00000000 00000000 0000007a 00000000
1346048203 22109.82 87936.27 0.00 0.48 0.07 0.18 0.01 0.00 0.00 99.07 7913500 7845220 68280 0.08 0.18 0.08 2131676 6991576 4280 46859700 85031632 148593668 7644 7 105 5 0 1 1 1 1 1 0000006c 00000000 00000002 00000024 00000000 00000000 0000007a 00000000
1346048223 22129.97 88016.50 0.00 0.48 0.07 0.18 0.01 0.00 0.00 99.07 7913500 7845352 68148 0.05 0.16 0.08 2131688 6991564 4280 46859700 85031632 148593668 7644 7 105 5 0 1 1 1 1 1 0000006c 00000000 00000002 00000024 00000000 00000000 0000007a 00000000
1346048243 22150.12 88096.94 0.00 0.48 0.07 0.18 0.01 0.00 0.00 99.07 7913500 7845500 68000 0.04 0.15 0.08 2131700 6991552 4288 46859692 85031632 148593668 7644 7 105 5 0 1 1 1 1 1 0000006c 00000000 00000002 00000024 00000000 00000000 0000007a 00000000
1346048264 22170.28 88177.59 0.00 0.48 0.07 0.18 0.01 0.00 0.00 99.07 7913500 7845128 68372 0.03 0.14 0.08 2131720 6991532 4296 46859684 85031632 148593668 7644 7 105 5 0 1 1 1 1 1 0000006c 00000000 00000002 00000024 00000000 00000000 0000007a 00000000
1346048284 22190.43 88257.64 0.00 0.48 0.07 0.18 0.01 0.00 0.00 99.07 7913500 7845368 68132 0.02 0.13 0.07 2131732 6991520 4300 46859680 85031632 148593668 7644 7 106 5 0 1 1 1 1 1 0000006c 00000000 00000002 00000024 00000000 00000000 0000007a 00000000
1346048304 22210.58 88338.15 0.00 0.48 0.07 0.18 0.01 0.00 0.00 99.07 7913500 7845864 67636 0.01 0.12 0.07 2131748 6991504 4308 46859672 85031632 148593668 7644 7 108 5 0 1 1 1 1 1 0000006c 00000000 00000002 00000024 00000000 00000000 0000007a 00000000
1346048324 22230.73 88418.39 0.00 0.48 0.07 0.18 0.01 0.00 0.00 99.07 7913500 7845492 68008 0.01 0.11 0.07 2131764 6991488 4312 46859668 85031632 148593668 7644 7 109 5 0 1 1 1 1 1 0000006c 00000000 00000002 00000024 00000000 00000000 0000007a 00000000
1346048344 22250.88 88498.89 0.00 0.48 0.07 0.18 0.01 0.00 0.00 99.07 7913500 7845368 68132 0.00 0.11 0.07 2131776 6991476 4316 46859664 85031632 148593668 7644 7 110 5 0 1 1 1 1 1 0000006c 00000000 00000002 00000024 00000000 00000000 0000007a 00000000
1346048364 22271.04 88579.61 0.00 0.48 0.07 0.18 0.01 0.00 0.00 99.07 7913500 7845484 68016 0.00 0.10 0.07 2131800 6991452 4316 46859664 85031632 148593668 7644 7 110 5 0 1 1 1 1 1 0000006c 00000000 00000002 00000024 00000000 00000000 0000007a 00000000
1346048384 22291.19 88659.72 0.00 0.48 0.07 0.18 0.01 0.00 0.00 99.07 7913500 7845196 68304 0.00 0.09 0.06 2131812 6991440 4316 46859664 85031632 148593668 7644 7 110 5 0 1 1 1 1 1 0000006c 00000000 00000002 00000024 00000000 00000000 0000007a 00000000
1346048405 22311.34 88740.12 0.00 0.48 0.07 0.18 0.01 0.00 0.00 99.07 7913500 7845732 67768 0.00 0.08 0.06 2131828 6991424 4316 46859664 85031632 148593668 7644 7 110 5 0 1 1 1 1 1 0000006c 00000000 00000002 00000024 00000000 00000000 0000007a 00000000
1346048425 22331.49 88820.64 0.00 0.48 0.07 0.18 0.01 0.00 0.00 99.07 7913500 7845608 67892 0.00 0.08 0.06 2131844 6991408 4316 46859664 85031632 148593668 7644 7 110 5 0 1 1 1 1 1 0000006c 00000000 00000002 00000024 00000000 00000000 0000007a 00000000
1346048445 22351.64 88901.24 0.00 0.48 0.07 0.18 0.01 0.00 0.00 99.07 7913500 7845980 67520 0.00 0.07 0.06 2131856 6991396 4316 46859664 85031632 148593668 7644 7 110 5 0 1 1 1 1 1 0000006c 00000000 00000002 00000024 00000000 00000000 0000007a 00000000
1346048465 22371.79 88981.09 0.00 0.48 0.07 0.18 0.01 0.00 0.00 99.07 7913500 7845608 67892 0.00 0.07 0.06 2131872 6991380 4316 46859664 85031632 148593668 7644 7 110 5 0 1 1 1 1 1 0000006c 00000000 00000002 00000024 00000000 00000000 0000007a 00000000
1346048485 22391.94 89061.51 0.00 0.48 0.07 0.18 0.01 0.00 0.00 99.07 7913500 7845608 67892 0.00 0.06 0.05 2131888 6991364 4316 46859664 85031632 148593668 7644 7 110 5 0 1 1 1 1 1 0000006c 00000000 00000002 00000024 00000000 00000000 0000007a 00000000
1346048505 22412.09 89141.78 0.00 0.48 0.07 0.18 0.01 0.00 0.00 99.07 7913500 7845468 68032 0.00 0.06 0.05 2131908 6991344 4328 46859652 85031632 148593668 7644 7 110 5 0 1 1 1 1 1 0000006c 00000000 00000002 00000024 00000000 00000000 0000007a 00000000
1346048525 22432.24 89222.15 0.00 0.48 0.07 0.18 0.01 0.00 0.00 99.07 7913500 7845724 67776 0.00 0.05 0.05 2131916 6991336 4344 46859636 85031632 148593668 7644 7 110 5 0 1 1 1 1 1 0000006c 00000000 00000002 00000024 00000000 00000000 0000007a 00000000
1346048546 22452.39 89302.58 0.00 0.48 0.07 0.18 0.01 0.00 0.00 99.07 7913500 7845856 67644 0.00 0.05 0.05 2131936 6991316 4344 46859636 85031632 148593668 7644 7 110 5 0 1 1 1 1 1 0000006c 00000000 00000002 00000024 00000000 00000000 0000007a 00000000
1346048566 22472.55 89382.89 0.00 0.48 0.07 0.18 0.01 0.00 0.00 99.07 7913500 7845484 68016 0.00 0.04 0.05 2131952 6991300 4360 46859620 85031632 148593668 7644 7 110 5 0 1 1 1 1 1 0000006c 00000000 00000002 00000024 00000000 00000000 0000007a 00000000
1346048586 22492.70 89463.64 0.00 0.48 0.07 0.18 0.01 0.00 0.00 99.07 7913500 7845864 67636 0.00 0.04 0.04 2131964 6991288 4360 46859620 85031632 148593668 7644 7 110 5 0 1 1 1 1 1 0000006c 00000000 00000002 00000024 00000000 00000000 0000007a 00000000
1346048606 22512.86 89544.20 0.00 0.48 0.07 0.18 0.01 0.00 0.00 99.07 7913500 7845732 67768 0.08 0.05 0.05 2131984 6991268 4360 46859620 85031632 148593668 7644 7 110 5 0 1 1 1 1 1 0000006c 00000000 00000002 00000024 00000000 00000000 0000007a 00000000
1346048626 22533.01 89624.98 0.00 0.48 0.07 0.18 0.01 0.00 0.00 99.07 7913500 7845484 68016 0.06 0.05 0.05 2131996 6991256 4360 46859620 85031632 148593668 7644 7 110 5 0 1 1 1 1 1 0000006c 00000000 00000002 00000024 00000000 00000000 0000007a 00000000
1346048646 22553.16 89705.19 0.00 0.48 0.07 0.18 0.01 0.00 0.00 99.07 7913500 7845856 67644 0.04 0.04 0.04 2132016 6991236 4360 46859620 85031632 148593668 7644 7 110 5 0 1 1 1 1 1 0000006c 00000000 00000002 00000024 00000000 00000000 0000007a 00000000
1346048667 22573.31 89785.77 0.00 0.48 0.07 0.18 0.01 0.00 0.00 99.07 7913500 7845600 67900 0.03 0.04 0.04 2132028 6991224 4360 46859620 85031632 148593668 7644 7 110 5 0 1 1 1 1 1 0000006c 00000000 00000002 00000024 00000000 00000000 0000007a 00000000
1346048687 22593.46 89866.64 0.00 0.48 0.07 0.18 0.01 0.00 0.00 99.07 7913500 7845980 67520 0.02 0.04 0.04 2132044 6991208 4360 46859620 85031632 148593668 7644 7 110 5 0 1 1 1 1 1 0000006c 00000000 00000002 00000024 00000000 00000000 0000007a 00000000
1346048707 22613.62 89947.00 0.00 0.48 0.07 0.18 0.01 0.00 0.00 99.07 7913500 7845864 67636 0.01 0.03 0.04 2132060 6991192 4360 46859620 85031632 148593668 7644 7 110 5 0 1 1 1 1 1 0000006c 00000000 00000002 00000024 00000000 00000000 0000007a 00000000
1346048727 22633.77 90027.65 0.00 0.48 0.07 0.18 0.01 0.00 0.00 99.07 7913500 7846228 67272 0.09 0.05 0.04 2132076 6991176 4360 46859620 85031632 148593668 7644 7 110 5 0 1 1 1 1 1 0000006c 00000000 00000002 00000024 00000000 00000000 0000007a 00000000
1346048747 22653.92 90108.13 0.00 0.48 0.07 0.18 0.01 0.00 0.00 99.08 7913500 7845740 67760 0.27 0.09 0.06 2132084 6991168 4384 46859596 85031632 148593668 7644 7 110 5 0 1 1 1 1 1 0000006c 00000000 00000002 00000024 00000000 00000000 0000007a 00000000
1346048767 22674.07 90187.93 0.00 0.48 0.07 0.18 0.01 0.00 0.00 99.08 7913500 7845856 67644 0.19 0.08 0.05 2132108 6991144 4384 46859596 85031632 148593668 7644 7 110 5 0 1 1 1 1 1 0000006c 00000000 00000002 00000024 00000000 00000000 0000007a 00000000
1346048787 22694.22 90268.52 0.00 0.48 0.07 0.18 0.01 0.00 0.00 99.08 7913500 7846352 67148 0.13 0.08 0.05 2132120 6991132 4392 46859588 85031632 148593668 7644 7 110 5 0 1 1 1 1 1 0000006c 00000000 00000002 00000024 00000000 00000000 0000007a 00000000
1346048808 22714.38 90348.64 0.00 0.48 0.07 0.18 0.01 0.00 0.00 99.08 7913500 7845988 67512 0.10 0.07 0.05 2132136 6991116 4400 46859580 85031632 148593668 7644 7 110 5 0 1 1 1 1 1 0000006c 00000000 00000002 00000024 00000000 00000000 0000007a 00000000
1346048828 22734.53 90428.97 0.00 0.48 0.07 0.18 0.01 0.00 0.00 99.08 7913500 7846104 67396 0.07 0.07 0.05 2132156 6991096 4404 46859576 85031632 148593668 7644 7 110 5 0 1 1 1 1 1 0000006c 00000000 00000002 00000024 00000000 00000000 0000007a 00000000
1346048848 22754.68 90509.25 0.00 0.48 0.07 0.18 0.01 0.00 0.00 99.08 7913500 7845856 67644 0.05 0.06 0.05 2132164 6991088 4404 46859576 85031632 148593668 7644 7 110 5 0 1 1 1 1 1 0000006c 00000000 00000002 00000024 00000000 00000000 0000007a 00000000
1346048868 22774.83 90589.83 0.00 0.48 0.07 0.18 0.01 0.00 0.00 99.08 7913500 7845848 67652 0.03 0.06 0.04 2132184 6991068 4404 46859576 85031632 148593668 7644 7 110 5 0 1 1 1 1 1 0000006c 00000000 00000002 00000024 00000000 00000000 0000007a 00000000
1346048888 22794.98 90669.98 0.00 0.48 0.07 0.18 0.01 0.00 0.00 99.08 7913500 7845832 67668 0.02 0.05 0.04 2132196 6991056 4404 46859576 85031632 148593668 7644 7 110 5 0 1 1 1 1 1 0000006c 00000000 00000002 00000024 00000000 00000000 0000007a 00000000
1346048908 22815.13 90750.40 0.00 0.48 0.07 0.18 0.01 0.00 0.00 99.08 7913500 7846104 67396 0.02 0.05 0.04 2132216 6991036 4404 46859576 85031632 148593668 7644 7 110 5 0 1 1 1 1 1 0000006c 00000000 00000002 00000024 00000000 00000000 0000007a 00000000
1346048929 22835.28 90830.76 0.00 0.48 0.07 0.18 0.01 0.00 0.00 99.08 7913500 7845848 67652 0.21 0.09 0.05 2132228 6991024 4404 46859576 85031632 148593668 7644 7 110 5 0 1 1 1 1 1 0000006c 00000000 00000002 00000024 00000000 00000000 0000007a 00000000
1346048949 22855.43 90911.05 0.00 0.48 0.07 0.18 0.01 0.00 0.00 99.08 7913500 7846096 67404 0.31 0.12 0.06 2132248 6991004 4404 46859576 85031632 148593668 7644 7 110 5 0 1 1 1 1 1 0000006c 00000000 00000002 00000024 00000000 00000000 0000007a 00000000
1346048969 22875.59 90991.73 0.00 0.48 0.07 0.18 0.01 0.00 0.00 99.08 7913500 7846352 67148 0.35 0.14 0.07 2132264 6990988 4412 46859568 85031632 148593668 7644 7 110 5 0 1 1 1 1 1 0000006c 00000000 00000002 00000024 00000000 00000000 0000007a 00000000
1346048989 22895.75 91071.87 0.00 0.47 0.07 0.18 0.01 0.00 0.00 99.08 7913500 7846228 67272 0.53 0.20 0.09 2132276 6990976 4428 46859552 85031632 148593668 7644 7 110 5 0 1 1 1 1 1 0000006c 00000000 00000002 00000024 00000000 00000000 0000007a 00000000
1346049009 22915.89 91152.12 0.00 0.47 0.07 0.18 0.01 0.00 0.00 99.08 7913500 7845988 67512 0.47 0.21 0.10 2132296 6990956 4428 46859552 85031632 148593668 7644 7 110 5 0 1 1 1 1 1 0000006c 00000000 00000002 00000024 00000000 00000000 0000007a 00000000
1346049029 22936.05 91232.51 0.00 0.47 0.07 0.18 0.01 0.00 0.00 99.08 7913500 7846080 67420 0.34 0.20 0.09 2132304 6990948 4436 46859544 85031632 148593668 7644 7 110 5 0 1 1 1 1 1 0000006c 00000000 00000002 00000024 00000000 00000000 0000007a 00000000
1346049049 22956.20 91313.08 0.00 0.47 0.07 0.18 0.01 0.00 0.00 99.08 7913500 7846220 67280 0.24 0.18 0.09 2132328 6990924 4444 46859536 85031632 148593668 7644 7 110 5 0 1 1 1 1 1 0000006c 00000000 00000002 00000024 00000000 00000000 0000007a 00000000
1346049070 22976.36 91394.29 0.00 0.47 0.07 0.18 0.01 0.00 0.00 99.08 7913500 7846352 67148 0.17 0.17 0.09 2132336 6990916 4444 46859536 85031632 148593668 7644 7 110 5 0 1 1 1 1 1 0000006c 00000000 00000002 00000024 00000000 00000000 0000007a 00000000
1346049090 22996.50 91473.59 0.00 0.47 0.07 0.18 0.01 0.00 0.00 99.08 7913500 7846344 67156 0.12 0.16 0.09 2132352 6990900 4444 46859536 85031632 148593668 7644 7 110 5 0 1 1 1 1 1 0000006c 00000000 00000002 00000024 00000000 00000000 0000007a 00000000
1346049110 23016.66 91555.31 0.00 0.47 0.07 0.18 0.01 0.00 0.00 99.08 7913500 7846204 67296 0.09 0.15 0.08 2132372 6990880 4444 46859536 85031632 148593668 7644 7 110 5 0 1 1 1 1 1 0000006c 00000000 00000002 00000024 00000000 00000000 0000007a 00000000
1346049130 23036.81 91635.54 0.00 0.47 0.07 0.18 0.01 0.00 0.00 99.08 7913500 7846476 67024 0.06 0.14 0.08 2132384 6990868 4444 46859536 85031632 148593668 7644 7 110 5 0 1 1 1 1 1 0000006c 00000000 00000002 00000024 00000000 00000000 0000007a 00000000
1346049150 23056.96 91716.54 0.00 0.47 0.07 0.18 0.01 0.00 0.00 99.08 7913500 7846476 67024 0.04 0.13 0.08 2132404 6990848 4448 46859532 85031632 148593668 7644 7 110 5 0 1 1 1 1 1 0000006c 00000000 00000002 00000024 00000000 00000000 0000007a 00000000
1346049170 23077.12 91797.28 0.00 0.47 0.07 0.18 0.01 0.00 0.00 99.08 7913500 7846468 67032 0.03 0.12 0.08 2132416 6990836 4448 46859532 85031632 148593668 7644 7 110 5 0 1 1 1 1 1 0000006c 00000000 00000002 00000024 00000000 00000000 0000007a 00000000
1346049191 23097.27 91877.93 0.00 0.47 0.07 0.18 0.01 0.00 0.00 99.08 7913500 7846344 67156 0.02 0.11 0.08 2132432 6990820 4448 46859532 85031632 148593668 7644 7 110 5 0 1 1 1 1 1 0000006c 00000000 00000002 00000024 00000000 00000000 0000007a 00000000
1346049211 23117.42 91958.19 0.00 0.47 0.07 0.18 0.01 0.00 0.00 99.08 7913500 7846468 67032 0.01 0.10 0.07 2132448 6990804 4472 46859508 85031632 148593668 7644 7 110 5 0 1 1 1 1 1 0000006c 00000000 00000002 00000024 00000000 00000000 0000007a 00000000
1346049231 23137.58 92038.67 0.00 0.47 0.07 0.18 0.01 0.00 0.00 99.08 7913500 7846204 67296 0.01 0.09 0.07 2132464 6990788 4472 46859508 85031632 148593668 7644 7 110 5 0 1 1 1 1 1 0000006c 00000000 00000002 00000024 00000000 00000000 0000007a 00000000
1346049251 23157.73 92120.36 0.00 0.47 0.07 0.18 0.01 0.00 0.00 99.08 7913500 7846476 67024 0.01 0.09 0.07 2132480 6990772 4480 46859500 85031632 148593668 7644 7 110 5 0 1 1 1 1 1 0000006c 00000000 00000002 00000024 00000000 00000000 0000007a 00000000
1346049271 23177.89 92200.29 0.00 0.47 0.07 0.18 0.01 0.00 0.00 99.08 7913500 7846452 67048 0.00 0.08 0.07 2132496 6990756 4488 46859492 85031632 148593668 7644 7 110 5 0 1 1 1 1 1 0000006c 00000000 00000002 00000024 00000000 00000000 0000007a 00000000
1346049291 23198.04 92281.74 0.00 0.47 0.07 0.18 0.01 0.00 0.00 99.08 7913500 7846220 67280 0.00 0.07 0.07 2132508 6990744 4492 46859488 85031632 148593668 7644 7 111 5 0 1 1 1 1 1 0000006c 00000000 00000002 00000024 00000000 00000000 0000007a 00000000
1346049311 23218.19 92361.55 0.00 0.47 0.07 0.18 0.01 0.00 0.00 99.08 7913500 7846484 67016 0.00 0.07 0.06 2132524 6990728 4500 46859480 85031632 148593668 7644 7 113 5 0 1 1 1 1 1 0000006c 00000000 00000002 00000024 00000000 00000000 0000007a 00000000
1346049332 23238.34 92442.70 0.00 0.47 0.07 0.18 0.01 0.00 0.00 99.08 7913500 7846608 66892 0.00 0.06 0.06 2132540 6990712 4500 46859480 85031632 148593668 7644 7 113 5 0 1 1 1 1 1 0000006c 00000000 00000002 00000024 00000000 00000000 0000007a 00000000
1346049352 23258.50 92523.11 0.00 0.47 0.07 0.18 0.01 0.00 0.00 99.08 7913500 7846484 67016 0.00 0.06 0.06 2132556 6990696 4504 46859476 85031632 148593668 7644 7 114 5 0 1 1 1 1 1 0000006c 00000000 00000002 00000024 00000000 00000000 0000007a 00000000
1346049372 23278.65 92603.87 0.00 0.47 0.07 0.18 0.01 0.00 0.00 99.08 7913500 7846848 66652 0.00 0.05 0.06 2132572 6990680 4508 46859472 85031632 148593668 7644 7 115 5 0 1 1 1 1 1 0000006c 00000000 00000002 00000024 00000000 00000000 0000007a 00000000
1346049392 23298.80 92684.61 0.00 0.47 0.07 0.18 0.01 0.00 0.00 99.08 7913500 7846724 66776 0.00 0.05 0.06 2132588 6990664 4508 46859472 85031632 148593668 7644 7 115 5 0 1 1 1 1 1 0000006c 00000000 00000002 00000024 00000000 00000000 0000007a 00000000
1346049412 23318.95 92764.47 0.00 0.47 0.07 0.18 0.01 0.00 0.00 99.08 7913500 7846476 67024 0.08 0.06 0.06 2132604 6990648 4508 46859472 85031632 148593668 7644 7 115 5 0 1 1 1 1 1 0000006c 00000000 00000002 00000024 00000000 00000000 0000007a 00000000
1346049432 23339.10 92845.81 0.00 0.47 0.07 0.18 0.01 0.00 0.00 99.08 7913500 7846476 67024 0.34 0.12 0.08 2132620 6990632 4508 46859472 85031632 148593668 7644 7 115 5 0 1 1 1 1 1 0000006c 00000000 00000002 00000024 00000000 00000000 0000007a 00000000
1346049452 23359.25 92925.93 0.00 0.47 0.07 0.18 0.01 0.00 0.00 99.08 7913500 7846732 66768 0.24 0.11 0.08 2132636 6990616 4508 46859472 85031632 148593668 7644 7 115 5 0 1 1 1 1 1 0000006c 00000000 00000002 00000024 00000000 00000000 0000007a 00000000
1346049473 23379.41 93006.26 0.00 0.47 0.07 0.18 0.01 0.00 0.00 99.08 7913500 7846732 66768 0.17 0.10 0.08 2132648 6990604 4512 46859468 85031632 148593668 7644 7 115 5 0 1 1 1 1 1 0000006c 00000000 00000002 00000024 00000000 00000000 0000007a 00000000
1346049493 23399.56 93086.86 0.00 0.47 0.07 0.18 0.01 0.00 0.00 99.08 7913500 7846600 66900 0.12 0.10 0.07 2132664 6990588 4512 46859468 85031632 148593668 7644 7 115 5 0 1 1 1 1 1 0000006c 00000000 00000002 00000024 00000000 00000000 0000007a 00000000
1346049513 23419.72 93166.88 0.00 0.47 0.07 0.18 0.01 0.00 0.00 99.08 7913500 7846600 66900 0.09 0.09 0.07 2132680 6990572 4520 46859460 85031632 148593668 7644 7 115 5 0 1 1 1 1 1 0000006c 00000000 00000002 00000024 00000000 00000000 0000007a 00000000
1346049533 23439.87 93247.84 0.00 0.47 0.07 0.18 0.01 0.00 0.00 99.08 7913500 7846484 67016 0.06 0.08 0.07 2132696 6990556 4536 46859444 85031632 148593668 7644 7 115 5 0 1 1 1 1 1 0000006c 00000000 00000002 00000024 00000000 00000000 0000007a 00000000
1346049553 23460.02 93328.54 0.00 0.47 0.07 0.18 0.01 0.00 0.00 99.08 7913500 7846724 66776 0.04 0.08 0.07 2132712 6990540 4536 46859444 85031632 148593668 7644 7 115 5 0 1 1 1 1 1 0000006c 00000000 00000002 00000024 00000000 00000000 0000007a 00000000
1346049573 23480.18 93408.90 0.00 0.47 0.07 0.18 0.01 0.00 0.00 99.08 7913500 7846724 66776 0.03 0.07 0.07 2132728 6990524 4544 46859436 85031632 148593668 7644 7 115 5 0 1 1 1 1 1 0000006c 00000000 00000002 00000024 00000000 00000000 0000007a 00000000
1346049594 23500.33 93489.09 0.00 0.47 0.07 0.18 0.01 0.00 0.00 99.08 7913500 7846608 66892 0.02 0.06 0.06 2132740 6990512 4552 46859428 85031632 148593668 7644 7 115 5 0 1 1 1 1 1 0000006c 00000000 00000002 00000024 00000000 00000000 0000007a 00000000
1346049614 23520.48 93570.18 0.00 0.47 0.07 0.18 0.01 0.00 0.00 99.08 7913500 7846468 67032 0.01 0.06 0.06 2132760 6990492 4552 46859428 85031632 148593668 7644 7 115 5 0 1 1 1 1 1 0000006c 00000000 00000002 00000024 00000000 00000000 0000007a 00000000
1346049634 23540.63 93650.66 0.00 0.47 0.07 0.18 0.01 0.00 0.00 99.09 7913500 7847096 66404 0.01 0.05 0.06 2132776 6990476 4552 46859428 85031632 148593668 7644 7 115 5 0 1 1 1 1 1 0000006c 00000000 00000002 00000024 00000000 00000000 0000007a 00000000
1346049654 23560.79 93730.84 0.00 0.47 0.07 0.18 0.01 0.00 0.00 99.09 7913500 7846848 66652 0.01 0.05 0.06 2132788 6990464 4552 46859428 85031632 148593668 7644 7 115 5 0 1 1 1 1 1 0000006c 00000000 00000002 00000024 00000000 00000000 0000007a 00000000
1346049674 23580.94 93811.14 0.00 0.47 0.07 0.18 0.01 0.00 0.00 99.09 7913500 7846600 66900 0.00 0.05 0.06 2132808 6990444 4552 46859428 85031632 148593668 7644 7 115 5 0 1 1 1 1 1 0000006c 00000000 00000002 00000024 00000000 00000000 0000007a 00000000
1346049694 23601.09 93891.10 0.00 0.47 0.07 0.18 0.01 0.00 0.00 99.09 7913500 7846600 66900 0.00 0.04 0.05 2132816 6990436 4552 46859428 85031632 148593668 7644 7 115 5 0 1 1 1 1 1 0000006c 00000000 00000002 00000024 00000000 00000000 0000007a 00000000
1346049714 23621.25 93971.39 0.00 0.47 0.07 0.18 0.01 0.00 0.00 99.09 7913500 7846840 66660 0.00 0.04 0.05 2132840 6990412 4552 46859428 85031632 148593668 7644 7 115 5 0 1 1 1 1 1 0000006c 00000000 00000002 00000024 00000000 00000000 0000007a 00000000
1346049735 23641.40 94052.00 0.00 0.47 0.07 0.18 0.01 0.00 0.00 99.09 7913500 7846972 66528 0.00 0.04 0.05 2132848 6990404 4552 46859428 85031632 148593668 7644 7 115 5 0 1 1 1 1 1 0000006c 00000000 00000002 00000024 00000000 00000000 0000007a 00000000
1346049755 23661.55 94131.89 0.00 0.47 0.07 0.18 0.01 0.00 0.00 99.09 7913500 7846724 66776 0.00 0.03 0.05 2132868 6990384 4576 46859404 85031632 148593668 7644 7 115 5 0 1 1 1 1 1 0000006c 00000000 00000002 00000024 00000000 00000000 0000007a 00000000
1346049775 23681.70 94212.10 0.00 0.47 0.07 0.18 0.01 0.00 0.00 99.09 7913500 7846972 66528 0.00 0.03 0.05 2132888 6990364 4576 46859404 85031632 148593668 7644 7 115 5 0 1 1 1 1 1 0000006c 00000000 00000002 00000024 00000000 00000000 0000007a 00000000
1346049795 23701.85 94292.60 0.00 0.47 0.07 0.18 0.01 0.00 0.00 99.09 7913500 7847212 66288 0.00 0.03 0.04 2132896 6990356 4584 46859396 85031632 148593668 7644 7 115 5 0 1 1 1 1 1 0000006c 00000000 00000002 00000024 00000000 00000000 0000007a 00000000
1346049815 23722.01 94374.19 0.00 0.47 0.07 0.18 0.01 0.00 0.00 99.09 7913500 7846824 66676 0.00 0.02 0.04 2132916 6990336 4596 46859384 85031632 148593668 7644 7 115 5 0 1 1 1 1 1 0000006c 00000000 00000002 00000024 00000000 00000000 0000007a 00000000
1346049835 23742.16 94454.43 0.00 0.47 0.07 0.18 0.01 0.00 0.00 99.09 7913500 7847220 66280 0.00 0.02 0.04 2132928 6990324 4596 46859384 85031632 148593668 7644 7 115 5 0 1 1 1 1 1 0000006c 00000000 00000002 00000024 00000000 00000000 0000007a 00000000
1346049856 23762.31 94535.18 0.00 0.47 0.07 0.18 0.01 0.00 0.00 99.09 7913500 7847344 66156 0.00 0.02 0.04 2132948 6990304 4596 46859384 85031632 148593668 7644 7 115 5 0 1 1 1 1 1 0000006c 00000000 00000002 00000024 00000000 00000000 0000007a 00000000
1346049876 23782.46 94615.37 0.00 0.47 0.07 0.18 0.01 0.00 0.00 99.09 7913500 7846724 66776 0.28 0.08 0.06 2132956 6990296 4596 46859384 85031632 148593668 7644 7 115 5 0 1 1 1 1 1 0000006c 00000000 00000002 00000024 00000000 00000000 0000007a 00000000
1346049896 23802.61 94696.38 0.00 0.47 0.07 0.18 0.01 0.00 0.00 99.09 7913500 7847212 66288 0.30 0.11 0.07 2132976 6990276 4596 46859384 85031632 148593668 7644 7 115 5 0 1 1 1 1 1 0000006c 00000000 00000002 00000024 00000000 00000000 0000007a 00000000
1346049916 23822.77 94776.92 0.00 0.47 0.07 0.18 0.01 0.00 0.00 99.09 7913500 7847096 66404 0.22 0.10 0.06 2132992 6990260 4596 46859384 85031632 148593668 7644 7 115 5 0 1 1 1 1 1 0000006c 00000000 00000002 00000024 00000000 00000000 0000007a 00000000
1346049936 23842.92 94857.68 0.00 0.47 0.07 0.18 0.01 0.00 0.00 99.09 7913500 7847228 66272 0.16 0.09 0.06 2133004 6990248 4596 46859384 85031632 148593668 7644 7 115 5 0 1 1 1 1 1 0000006c 00000000 00000002 00000024 00000000 00000000 0000007a 00000000
1346049956 23863.06 94937.60 0.00 0.47 0.07 0.18 0.01 0.00 0.00 99.09 7913500 7847036 66464 0.11 0.08 0.06 2133024 6990228 4596 46859384 85031632 148593668 7644 7 115 5 0 1 1 1 1 1 0000006c 00000000 00000002 00000024 00000000 00000000 0000007a 00000000
1346049976 23883.22 95015.84 0.00 0.47 0.07 0.18 0.01 0.00 0.00 99.09 7913500 7856296 57204 0.08 0.08 0.06 2133044 6990208 4604 46859376 85932032 147693268 7725 7 115 5 0 1 1 1 1 1 0000006e 00000001 00000000 00000024 00000052 00000000 0000007d 00000000
1346049997 23903.39 95091.15 0.00 0.48 0.07 0.18 0.01 0.00 0.00 99.08 7913500 7821636 91864 0.29 0.12 0.07 2133088 6990164 4620 46859360 87944040 145681260 7907 7 115 5 0 1 1 1 1 1 00000071 00000001 00000001 00000025 0000003f 00000000 00000080 00000000
1346050017 23923.58 95167.18 0.00 0.48 0.07 0.18 0.01 0.00 0.00 99.08 7913500 7844448 69052 0.40 0.16 0.09 2133116 6990136 4620 46859360 90056088 143569212 8096 7 115 5 0 1 1 1 1 1 00000074 00000001 00000002 00000026 0000001a 00000000 00000083 00000000
1346050037 23943.76 95243.23 0.00 0.48 0.07 0.18 0.01 0.00 0.00 99.07 7913500 7844772 68728 0.55 0.21 0.11 2133152 6990100 4628 46859352 92101440 141523860 8280 7 115 5 0 1 1 1 1 1 00000075 00000000 00000002 00000027 00000000 00000000 00000084 00000000
1346050057 23963.93 95322.81 0.00 0.48 0.07 0.18 0.01 0.00 0.00 99.07 7913500 7848400 65100 0.40 0.20 0.10 2133168 6990084 4636 46859344 92101440 141523860 8280 7 115 5 0 1 1 1 1 1 00000075 00000000 00000002 00000027 00000000 00000000 00000084 00000000
1346050077 23984.09 95402.18 0.00 0.48 0.07 0.18 0.01 0.00 0.00 99.07 7913500 7848540 64960 0.28 0.18 0.10 2133184 6990068 4636 46859344 92101440 141523860 8280 7 115 5 0 1 1 1 1 1 00000075 00000000 00000002 00000027 00000000 00000000 00000084 00000000
1346050097 24004.24 95483.40 0.00 0.48 0.07 0.18 0.01 0.00 0.00 99.07 7913500 7848532 64968 0.28 0.19 0.10 2133196 6990056 4636 46859344 92101440 141523860 8280 7 115 5 0 1 1 1 1 1 00000075 00000000 00000002 00000027 00000000 00000000 00000084 00000000
1346050118 24024.40 95564.00 0.00 0.48 0.07 0.18 0.01 0.00 0.00 99.07 7913500 7848656 64844 0.40 0.22 0.11 2133216 6990036 4636 46859344 92101440 141523860 8280 7 115 5 0 1 1 1 1 1 00000075 00000000 00000002 00000027 00000000 00000000 00000084 00000000
1346050138 24044.55 95644.31 0.00 0.48 0.07 0.18 0.01 0.00 0.00 99.07 7913500 7848532 64968 0.29 0.21 0.11 2133228 6990024 4640 46859340 92101440 141523860 8280 7 115 5 0 1 1 1 1 1 00000075 00000000 00000002 00000027 00000000 00000000 00000084 00000000
1346050158 24064.71 95725.45 0.00 0.48 0.07 0.18 0.01 0.00 0.00 99.07 7913500 7848400 65100 0.21 0.19 0.10 2133240 6990012 4640 46859340 92101440 141523860 8280 7 115 5 0 1 1 1 1 1 00000075 00000000 00000002 00000027 00000000 00000000 00000084 00000000
1346050178 24084.87 95805.32 0.00 0.48 0.07 0.18 0.01 0.00 0.00 99.07 7913500 7848532 64968 0.15 0.18 0.10 2133260 6989992 4640 46859340 92101440 141523860 8280 7 115 5 0 1 1 1 1 1 00000075 00000000 00000002 00000027 00000000 00000000 00000084 00000000
1346050198 24105.03 95886.04 0.00 0.48 0.07 0.18 0.01 0.00 0.00 99.07 7913500 7848400 65100 0.10 0.17 0.10 2133272 6989980 4640 46859340 92101440 141523860 8280 7 115 5 0 1 1 1 1 1 00000075 00000000 00000002 00000027 00000000 00000000 00000084 00000000
1346050218 24125.19 95966.51 0.00 0.48 0.07 0.18 0.01 0.00 0.00 99.07 7913500 7848772 64728 0.07 0.16 0.09 2133296 6989956 4664 46859316 92101440 141523860 8280 7 115 5 0 1 1 1 1 1 00000075 00000000 00000002 00000027 00000000 00000000 00000084 00000000
1346050239 24145.35 96046.64 0.00 0.48 0.07 0.18 0.01 0.00 0.00 99.07 7913500 7848400 65100 0.05 0.14 0.09 2133308 6989944 4664 46859316 92101440 141523860 8280 7 115 5 0 1 1 1 1 1 00000075 00000000 00000002 00000027 00000000 00000000 00000084 00000000
1346050259 24165.50 96127.58 0.00 0.48 0.07 0.18 0.01 0.00 0.00 99.07 7913500 7848532 64968 0.04 0.13 0.09 2133320 6989932 4664 46859316 92101440 141523860 8280 7 115 5 0 1 1 1 1 1 00000075 00000000 00000002 00000027 00000000 00000000 00000084 00000000
1346050279 24185.66 96207.97 0.00 0.48 0.07 0.18 0.01 0.00 0.00 99.07 7913500 7848284 65216 0.02 0.12 0.09 2133340 6989912 4680 46859300 92101440 141523860 8280 7 115 5 0 1 1 1 1 1 00000075 00000000 00000002 00000027 00000000 00000000 00000084 00000000
1346050299 24205.81 96288.91 0.00 0.48 0.07 0.18 0.01 0.00 0.00 99.07 7913500 7848624 64876 0.02 0.12 0.08 2133352 6989900 4684 46859296 92101440 141523860 8280 7 116 5 0 1 1 1 1 1 00000075 00000000 00000002 00000027 00000000 00000000 00000084 00000000
1346050319 24225.97 96369.32 0.00 0.48 0.07 0.18 0.01 0.00 0.00 99.07 7913500 7848688 64812 0.01 0.11 0.08 2133368 6989884 4692 46859288 92101440 141523860 8280 7 118 5 0 1 1 1 1 1 00000075 00000000 00000002 00000027 00000000 00000000 00000084 00000000
1346050339 24246.13 96449.75 0.00 0.48 0.07 0.18 0.01 0.00 0.00 99.07 7913500 7848624 64876 0.01 0.10 0.08 2133384 6989868 4692 46859288 92101440 141523860 8280 7 118 5 0 1 1 1 1 1 00000075 00000000 00000002 00000027 00000000 00000000 00000084 00000000
1346050360 24266.29 96530.24 0.00 0.48 0.07 0.18 0.01 0.00 0.00 99.07 7913500 7848572 64928 0.00 0.09 0.08 2133396 6989856 4696 46859284 92101440 141523860 8280 7 119 5 0 1 1 1 1 1 00000075 00000000 00000002 00000027 00000000 00000000 00000084 00000000
1346050380 24286.44 96610.48 0.00 0.48 0.07 0.18 0.01 0.00 0.00 99.07 7913500 7848740 64760 0.00 0.08 0.08 2133416 6989836 4700 46859280 92101440 141523860 8280 7 120 5 0 1 1 1 1 1 00000075 00000000 00000002 00000027 00000000 00000000 00000084 00000000
1346050400 24306.60 96691.31 0.00 0.48 0.07 0.18 0.01 0.00 0.00 99.07 7913500 7848648 64852 0.00 0.08 0.07 2133432 6989820 4700 46859280 92101440 141523860 8280 7 120 5 0 1 1 1 1 1 00000075 00000000 00000002 00000027 00000000 00000000 00000084 00000000
1346050420 24326.75 96771.74 0.00 0.48 0.07 0.18 0.01 0.00 0.00 99.07 7913500 7848648 64852 0.00 0.07 0.07 2133448 6989804 4700 46859280 92101440 141523860 8280 7 120 5 0 1 1 1 1 1 00000075 00000000 00000002 00000027 00000000 00000000 00000084 00000000
1346050440 24346.90 96852.44 0.00 0.48 0.07 0.18 0.01 0.00 0.00 99.07 7913500 7848772 64728 0.00 0.07 0.07 2133460 6989792 4700 46859280 92101440 141523860 8280 7 120 5 0 1 1 1 1 1 00000075 00000000 00000002 00000027 00000000 00000000 00000084 00000000
1346050460 24367.05 96932.92 0.00 0.48 0.07 0.18 0.01 0.00 0.00 99.07 7913500 7848640 64860 0.00 0.06 0.07 2133476 6989776 4704 46859276 92101440 141523860 8280 7 120 5 0 1 1 1 1 1 00000075 00000000 00000002 00000027 00000000 00000000 00000084 00000000
1346050480 24387.21 97013.22 0.00 0.48 0.07 0.18 0.01 0.00 0.00 99.07 7913500 7848648 64852 0.00 0.06 0.07 2133492 6989760 4704 46859276 92101440 141523860 8280 7 120 5 0 1 1 1 1 1 00000075 00000000 00000002 00000027 00000000 00000000 00000084 00000000
1346050501 24407.36 97093.96 0.00 0.48 0.07 0.18 0.01 0.00 0.00 99.08 7913500 7848640 64860 0.00 0.05 0.06 2133508 6989744 4704 46859276 92101440 141523860 8280 7 120 5 0 1 1 1 1 1 00000075 00000000 00000002 00000027 00000000 00000000 00000084 00000000
1346050521 24427.51 97174.17 0.00 0.48 0.07 0.18 0.01 0.00 0.00 99.08 7913500 7849044 64456 0.00 0.05 0.06 2133528 6989724 4704 46859276 92101440 141523860 8280 7 120 5 0 1 1 1 1 1 00000075 00000000 00000002 00000027 00000000 00000000 00000084 00000000
1346050541 24447.66 97255.43 0.00 0.48 0.07 0.18 0.01 0.00 0.00 99.08 7913500 7848820 64680 0.06 0.06 0.07 2133536 6989716 4728 46859252 92101440 141523860 8280 7 120 5 0 1 1 1 1 1 00000075 00000000 00000002 00000027 00000000 00000000 00000084 00000000
1346050561 24467.82 97335.90 0.00 0.48 0.07 0.18 0.01 0.00 0.00 99.08 7913500 7849068 64432 0.04 0.06 0.06 2133556 6989696 4728 46859252 92101440 141523860 8280 7 120 5 0 1 1 1 1 1 00000075 00000000 00000002 00000027 00000000 00000000 00000084 00000000
1346050581 24487.97 97416.09 0.00 0.48 0.07 0.18 0.01 0.00 0.00 99.08 7913500 7849052 64448 0.03 0.05 0.06 2133568 6989684 4736 46859244 92101440 141523860 8280 7 120 5 0 1 1 1 1 1 00000075 00000000 00000002 00000027 00000000 00000000 00000084 00000000
1346050601 24508.13 97496.47 0.00 0.48 0.07 0.18 0.01 0.00 0.00 99.08 7913500 7849168 64332 0.02 0.05 0.06 2133584 6989668 4744 46859236 92101440 141523860 8280 7 120 5 0 1 1 1 1 1 00000075 00000000 00000002 00000027 00000000 00000000 00000084 00000000
1346050622 24528.28 97577.13 0.00 0.48 0.07 0.18 0.01 0.00 0.00 99.08 7913500 7848904 64596 0.01 0.04 0.06 2133604 6989648 4744 46859236 92101440 141523860 8280 7 120 5 0 1 1 1 1 1 00000075 00000000 00000002 00000027 00000000 00000000 00000084 00000000
1346050642 24548.44 97657.81 0.00 0.48 0.07 0.18 0.01 0.00 0.00 99.08 7913500 7849176 64324 0.01 0.04 0.06 2133616 6989636 4744 46859236 92101440 141523860 8280 7 120 5 0 1 1 1 1 1 00000075 00000000 00000002 00000027 00000000 00000000 00000084 00000000
1346050662 24568.59 97738.31 0.00 0.48 0.07 0.18 0.01 0.00 0.00 99.08 7913500 7849084 64416 0.15 0.07 0.06 2133632 6989620 4744 46859236 92101440 141523860 8280 7 120 5 0 1 1 1 1 1 00000075 00000000 00000002 00000027 00000000 00000000 00000084 00000000
1346050682 24588.75 97819.27 0.00 0.48 0.07 0.18 0.01 0.00 0.00 99.08 7913500 7849308 64192 0.10 0.06 0.06 2133648 6989604 4744 46859236 92101440 141523860 8280 7 120 5 0 1 1 1 1 1 00000075 00000000 00000002 00000027 00000000 00000000 00000084 00000000
1346050702 24608.90 97899.56 0.00 0.48 0.07 0.18 0.01 0.00 0.00 99.08 7913500 7849440 64060 0.07 0.06 0.06 2133664 6989588 4744 46859236 92101440 141523860 8280 7 120 5 0 1 1 1 1 1 00000075 00000000 00000002 00000027 00000000 00000000 00000084 00000000
1346050722 24629.05 97980.75 0.00 0.48 0.07 0.18 0.01 0.00 0.00 99.08 7913500 7849160 64340 0.05 0.05 0.06 2133676 6989576 4744 46859236 92101440 141523860 8280 7 120 5 0 1 1 1 1 1 00000075 00000000 00000002 00000027 00000000 00000000 00000084 00000000
1346050742 24649.21 98061.02 0.00 0.48 0.07 0.18 0.01 0.00 0.00 99.08 7913500 7849532 63968 0.24 0.10 0.07 2133696 6989556 4744 46859236 92101440 141523860 8280 7 120 5 0 1 1 1 1 1 00000075 00000000 00000002 00000027 00000000 00000000 00000084 00000000
1346050763 24669.36 98141.27 0.00 0.48 0.07 0.18 0.01 0.00 0.00 99.08 7913500 7849316 64184 0.50 0.17 0.10 2133704 6989548 4768 46859212 92101440 141523860 8280 7 120 5 0 1 1 1 1 1 00000075 00000000 00000002 00000027 00000000 00000000 00000084 00000000
1346050783 24689.52 98222.09 0.00 0.48 0.07 0.18 0.01 0.00 0.00 99.08 7913500 7849564 63936 0.44 0.17 0.10 2133728 6989524 4772 46859208 92101440 141523860 8280 7 120 5 0 1 1 1 1 1 00000075 00000000 00000002 00000027 00000000 00000000 00000084 00000000
1346050803 24709.68 98302.59 0.00 0.48 0.07 0.18 0.01 0.00 0.00 99.08 7913500 7849580 63920 0.60 0.23 0.12 2133744 6989508 4772 46859208 92101440 141523860 8280 7 120 5 0 1 1 1 1 1 00000075 00000000 00000002 00000027 00000000 00000000 00000084 00000000
1346050823 24729.84 98382.87 0.00 0.48 0.07 0.18 0.01 0.00 0.00 99.08 7913500 7849100 64400 0.49 0.23 0.12 2133756 6989496 4780 46859200 92101440 141523860 8280 7 120 5 0 1 1 1 1 1 00000075 00000000 00000002 00000027 00000000 00000000 00000084 00000000
1346050843 24750.00 98463.09 0.00 0.48 0.07 0.18 0.01 0.00 0.00 99.08 7913500 7849540 63960 0.35 0.21 0.11 2133776 6989476 4788 46859192 92101440 141523860 8280 7 120 5 0 1 1 1 1 1 00000075 00000000 00000002 00000027 00000000 00000000 00000084 00000000
1346050863 24770.16 98543.89 0.00 0.48 0.07 0.18 0.01 0.00 0.00 99.08 7913500 7849332 64168 0.25 0.20 0.11 2133788 6989464 4788 46859192 92101440 141523860 8280 7 120 5 0 1 1 1 1 1 00000075 00000000 00000002 00000027 00000000 00000000 00000084 00000000
1346050884 24790.31 98624.24 0.00 0.48 0.07 0.18 0.01 0.00 0.00 99.08 7913500 7849224 64276 0.18 0.18 0.11 2133804 6989448 4788 46859192 92101440 141523860 8280 7 120 5 0 1 1 1 1 1 00000075 00000000 00000002 00000027 00000000 00000000 00000084 00000000
1346050904 24810.46 98704.56 0.00 0.48 0.07 0.18 0.01 0.00 0.00 99.08 7913500 7849440 64060 0.13 0.17 0.10 2133816 6989436 4788 46859192 92101440 141523860 8280 7 120 5 0 1 1 1 1 1 00000075 00000000 00000002 00000027 00000000 00000000 00000084 00000000
1346050924 24830.61 98784.87 0.00 0.48 0.07 0.18 0.01 0.00 0.00 99.08 7913500 7849372 64128 0.09 0.16 0.10 2133836 6989416 4788 46859192 92101440 141523860 8280 7 120 5 0 1 1 1 1 1 00000075 00000000 00000002 00000027 00000000 00000000 00000084 00000000
1346050944 24850.77 98865.36 0.00 0.48 0.07 0.18 0.01 0.00 0.00 99.08 7913500 7849496 64004 0.06 0.15 0.09 2133848 6989404 4788 46859192 92101440 141523860 8280 7 120 5 0 1 1 1 1 1 00000075 00000000 00000002 00000027 00000000 00000000 00000084 00000000
1346050964 24870.93 98945.46 0.00 0.48 0.07 0.18 0.01 0.00 0.00 99.08 7913500 7849532 63968 0.04 0.14 0.09 2133868 6989384 4788 46859192 92101440 141523860 8280 7 120 5 0 1 1 1 1 1 00000075 00000000 00000002 00000027 00000000 00000000 00000084 00000000
1346050984 24891.09 99026.02 0.00 0.48 0.07 0.18 0.01 0.00 0.00 99.08 7913500 7849408 64092 0.03 0.13 0.09 2133880 6989372 4788 46859192 92101440 141523860 8280 7 120 5 0 1 1 1 1 1 00000075 00000000 00000002 00000027 00000000 00000000 00000084 00000000
1346051004 24911.25 99106.84 0.00 0.48 0.07 0.18 0.01 0.00 0.00 99.08 7913500 7849656 63844 0.02 0.12 0.09 2133892 6989360 4812 46859168 92101440 141523860 8280 7 120 5 0 1 1 1 1 1 00000075 00000000 00000002 00000027 00000000 00000000 00000084 00000000
1346051025 24931.41 99187.13 0.00 0.48 0.07 0.18 0.01 0.00 0.00 99.08 7913500 7849524 63976 0.01 0.11 0.08 2133912 6989340 4812 46859168 92101440 141523860 8280 7 120 5 0 1 1 1 1 1 00000075 00000000 00000002 00000027 00000000 00000000 00000084 00000000
1346051045 24951.57 99267.75 0.00 0.48 0.07 0.18 0.01 0.00 0.00 99.08 7913500 7849292 64208 0.01 0.10 0.08 2133924 6989328 4820 46859160 92101440 141523860 8280 7 120 5 0 1 1 1 1 1 00000075 00000000 00000002 00000027 00000000 00000000 00000084 00000000
1346051065 24971.73 99348.36 0.00 0.48 0.07 0.18 0.01 0.00 0.00 99.08 7913500 7849516 63984 0.01 0.09 0.08 2133948 6989304 4828 46859152 92101440 141523860 8280 7 120 5 0 1 1 1 1 1 00000075 00000000 00000002 00000027 00000000 00000000 00000084 00000000
1346051085 24991.89 99428.56 0.00 0.48 0.07 0.18 0.01 0.00 0.00 99.08 7913500 7849408 64092 0.00 0.09 0.08 2133960 6989292 4828 46859152 92101440 141523860 8280 7 120 5 0 1 1 1 1 1 00000075 00000000 00000002 00000027 00000000 00000000 00000084 00000000
1346051105 25012.04 99509.56 0.00 0.48 0.07 0.18 0.01 0.00 0.00 99.08 7913500 7850028 63472 0.08 0.10 0.08 2133972 6989280 4832 46859148 92101440 141523860 8280 7 120 5 0 1 1 1 1 1 00000075 00000000 00000002 00000027 00000000 00000000 00000084 00000000
1346051125 25032.20 99589.60 0.00 0.48 0.07 0.18 0.01 0.00 0.00 99.08 7913500 7849276 64224 0.05 0.09 0.08 2133992 6989260 4832 46859148 92101440 141523860 8280 7 120 5 0 1 1 1 1 1 00000075 00000000 00000002 00000027 00000000 00000000 00000084 00000000
1346051146 25052.36 99669.76 0.00 0.48 0.07 0.18 0.01 0.00 0.00 99.08 7913500 7849400 64100 0.04 0.08 0.08 2134004 6989248 4832 46859148 92101440 141523860 8280 7 120 5 0 1 1 1 1 1 00000075 00000000 00000002 00000027 00000000 00000000 00000084 00000000
1346051166 25072.52 99750.03 0.00 0.48 0.07 0.18 0.01 0.00 0.00 99.08 7913500 7849524 63976 0.03 0.08 0.08 2134020 6989232 4832 46859148 92101440 141523860 8280 7 120 5 0 1 1 1 1 1 00000075 00000000 00000002 00000027 00000000 00000000 00000084 00000000
1346051186 25092.68 99830.99 0.00 0.48 0.07 0.18 0.01 0.00 0.00 99.08 7913500 7849268 64232 0.02 0.07 0.07 2134036 6989216 4832 46859148 92101440 141523860 8280 7 120 5 0 1 1 1 1 1 00000075 00000000 00000002 00000027 00000000 00000000 00000084 00000000
1346051206 25112.83 99911.45 0.00 0.48 0.07 0.18 0.01 0.00 0.00 99.08 7913500 7849516 63984 0.01 0.06 0.07 2134048 6989204 4832 46859148 92101440 141523860 8280 7 120 5 0 1 1 1 1 1 00000075 00000000 00000002 00000027 00000000 00000000 00000084 00000000
1346051226 25132.98 99991.81 0.00 0.48 0.07 0.18 0.01 0.00 0.00 99.08 7913500 7849764 63736 0.01 0.06 0.07 2134068 6989184 4856 46859124 92101440 141523860 8280 7 120 5 0 1 1 1 1 1 00000075 00000000 00000002 00000027 00000000 00000000 00000084 00000000
1346051246 25153.14 100072.44 0.00 0.48 0.07 0.18 0.01 0.00 0.00 99.08 7913500 7849384 64116 0.00 0.05 0.07 2134080 6989172 4856 46859124 92101440 141523860 8280 7 120 5 0 1 1 1 1 1 00000075 00000000 00000002 00000027 00000000 00000000 00000084 00000000
1346051267 25173.30 100152.58 0.00 0.48 0.07 0.18 0.01 0.00 0.00 99.08 7913500 7849748 63752 0.00 0.05 0.07 2134100 6989152 4856 46859124 92101440 141523860 8280 7 120 5 0 1 1 1 1 1 00000075 00000000 00000002 00000027 00000000 00000000 00000084 00000000
1346051287 25193.46 100233.77 0.00 0.48 0.07 0.18 0.01 0.00 0.00 99.08 7913500 7849764 63736 0.00 0.05 0.06 2134116 6989136 4864 46859116 92101440 141523860 8280 7 120 5 0 1 1 1 1 1 00000075 00000000 00000002 00000027 00000000 00000000 00000084 00000000
1346051307 25213.62 100314.03 0.00 0.47 0.07 0.18 0.01 0.00 0.00 99.08 7913500 7849392 64108 0.07 0.06 0.07 2134128 6989124 4872 46859108 92101440 141523860 8280 7 120 5 0 1 1 1 1 1 00000075 00000000 00000002 00000027 00000000 00000000 00000084 00000000
1346051327 25233.77 100394.76 0.00 0.47 0.07 0.18 0.01 0.00 0.00 99.08 7913500 7849616 63884 0.05 0.05 0.07 2134144 6989108 4884 46859096 92101440 141523860 8280 7 123 5 0 1 1 1 1 1 00000075 00000000 00000002 00000027 00000000 00000000 00000084 00000000
1346051347 25253.93 100475.08 0.00 0.47 0.07 0.18 0.01 0.00 0.00 99.08 7913500 7849764 63736 0.04 0.05 0.06 2134160 6989092 4884 46859096 92101440 141523860 8280 7 123 5 0 1 1 1 1 1 00000075 00000000 00000002 00000027 00000000 00000000 00000084 00000000
1346051367 25274.08 100554.85 0.00 0.47 0.07 0.18 0.01 0.00 0.00 99.08 7913500 7849640 63860 0.02 0.05 0.06 2134180 6989072 4888 46859092 92101440 141523860 8280 7 124 5 0 1 1 1 1 1 00000075 00000000 00000002 00000027 00000000 00000000 00000084 00000000
1346051387 25294.24 100636.17 0.00 0.47 0.07 0.18 0.01 0.00 0.00 99.08 7913500 7849740 63760 0.02 0.04 0.06 2134184 6989068 4892 46859088 92101440 141523860 8280 7 125 5 0 1 1 1 1 1 00000075 00000000 00000002 00000027 00000000 00000000 00000084 00000000
1346051408 25314.39 100716.06 0.00 0.47 0.07 0.18 0.01 0.00 0.00 99.08 7913500 7849880 63620 0.01 0.04 0.06 2134200 6989052 4892 46859088 92101440 141523860 8280 7 125 5 0 1 1 1 1 1 00000075 00000000 00000002 00000027 00000000 00000000 00000084 00000000
1346051428 25334.54 100797.15 0.00 0.47 0.07 0.18 0.01 0.00 0.00 99.08 7913500 7849756 63744 0.01 0.04 0.06 2134212 6989040 4892 46859088 92101440 141523860 8280 7 125 5 0 1 1 1 1 1 00000075 00000000 00000002 00000027 00000000 00000000 00000084 00000000
1346051448 25354.69 100877.45 0.00 0.47 0.07 0.18 0.01 0.00 0.00 99.08 7913500 7849864 63636 0.00 0.03 0.05 2134224 6989028 4896 46859084 92101440 141523860 8280 7 125 5 0 1 1 1 1 1 00000075 00000000 00000002 00000027 00000000 00000000 00000084 00000000
