1346033343 7249.92 28824.44 0.00 0.47 0.08 0.22 0.01 0.00 0.00 99.04 7913500 7846448 67052 0.04 0.07 0.04 2120644 7002608 1416 46862564 28373140 205252160 2547 3 35 5 0 1 1 1 1 1 00000024 00000000 00000002 0000000c 00000000 00000000 0000002a 00000000
1346033363 7270.04 28903.94 0.00 0.47 0.08 0.22 0.01 0.00 0.00 99.04 7913500 7846572 66928 0.03 0.06 0.04 2120664 7002588 1420 46862560 28373140 205252160 2547 3 35 5 0 1 1 1 1 1 00000024 00000000 00000002 0000000c 00000000 00000000 0000002a 00000000
1346033383 7290.16 28984.32 0.00 0.47 0.08 0.22 0.01 0.00 0.00 99.04 7913500 7846316 67184 0.02 0.06 0.04 2120672 7002580 1436 46862544 28373140 205252160 2547 3 35 5 0 1 1 1 1 1 00000024 00000000 00000002 0000000c 00000000 00000000 0000002a 00000000
1346033404 7310.28 29064.37 0.00 0.47 0.08 0.22 0.01 0.00 0.00 99.04 7913500 7846176 67324 0.01 0.05 0.03 2120692 7002560 1460 46862520 28373140 205252160 2547 3 35 5 0 1 1 1 1 1 00000024 00000000 00000002 0000000c 00000000 00000000 0000002a 00000000
1346033424 7330.39 29144.90 0.00 0.47 0.08 0.22 0.01 0.00 0.00 99.04 7913500 7846688 66812 0.01 0.05 0.03 2120700 7002552 1460 46862520 28373140 205252160 2547 3 35 5 0 1 1 1 1 1 00000024 00000000 00000002 0000000c 00000000 00000000 0000002a 00000000
1346033444 7350.51 29224.45 0.00 0.47 0.08 0.22 0.01 0.00 0.00 99.04 7913500 7846688 66812 0.01 0.05 0.03 2120712 7002540 1460 46862520 28373140 205252160 2547 3 35 5 0 1 1 1 1 1 00000024 00000000 00000002 0000000c 00000000 00000000 0000002a 00000000
1346033464 7370.63 29304.78 0.00 0.47 0.08 0.22 0.01 0.00 0.00 99.04 7913500 7846812 66688 0.00 0.04 0.03 2120732 7002520 1460 46862520 28373140 205252160 2547 3 35 5 0 1 1 1 1 1 00000024 00000000 00000002 0000000c 00000000 00000000 0000002a 00000000
1346033484 7390.75 29384.79 0.00 0.47 0.08 0.22 0.01 0.00 0.00 99.04 7913500 7846812 66688 0.00 0.04 0.03 2120736 7002516 1460 46862520 28373140 205252160 2547 3 35 5 0 1 1 1 1 1 00000024 00000000 00000002 0000000c 00000000 00000000 0000002a 00000000
1346033504 7410.87 29464.86 0.00 0.47 0.08 0.22 0.01 0.00 0.00 99.04 7913500 7846672 66828 0.00 0.04 0.02 2120752 7002500 1460 46862520 28373140 205252160 2547 3 35 5 0 1 1 1 1 1 00000024 00000000 00000002 0000000c 00000000 00000000 0000002a 00000000
1346033524 7430.98 29544.94 0.00 0.47 0.08 0.22 0.01 0.00 0.00 99.04 7913500 7846564 66936 0.00 0.03 0.02 2120764 7002488 1460 46862520 28373140 205252160 2547 3 35 5 0 1 1 1 1 1 00000024 00000000 00000002 0000000c 00000000 00000000 0000002a 00000000
1346033544 7451.10 29625.05 0.00 0.47 0.08 0.22 0.01 0.00 0.00 99.04 7913500 7846820 66680 0.00 0.03 0.02 2120776 7002476 1460 46862520 28373140 205252160 2547 3 35 5 0 1 1 1 1 1 00000024 00000000 00000002 0000000c 00000000 00000000 0000002a 00000000
1346033564 7471.21 29704.94 0.00 0.47 0.08 0.22 0.01 0.00 0.00 99.04 7913500 7846432 67068 0.00 0.03 0.02 2120788 7002464 1460 46862520 28373140 205252160 2547 3 35 5 0 1 1 1 1 1 00000024 00000000 00000002 0000000c 00000000 00000000 0000002a 00000000
1346033585 7491.32 29784.85 0.00 0.47 0.08 0.22 0.01 0.00 0.00 99.04 7913500 7846804 66696 0.00 0.02 0.02 2120804 7002448 1460 46862520 28373140 205252160 2547 3 35 5 0 1 1 1 1 1 00000024 00000000 00000002 0000000c 00000000 00000000 0000002a 00000000
1346033605 7511.45 29865.39 0.00 0.47 0.08 0.22 0.01 0.00 0.00 99.04 7913500 7846812 66688 0.00 0.02 0.01 2120816 7002436 1460 46862520 28373140 205252160 2547 3 35 5 0 1 1 1 1 1 00000024 00000000 00000002 0000000c 00000000 00000000 0000002a 00000000
1346033625 7531.57 29945.75 0.00 0.47 0.08 0.22 0.01 0.00 0.00 99.05 7913500 7846788 66712 0.00 0.02 0.01 2120824 7002428 1484 46862496 28373140 205252160 2547 3 35 5 0 1 1 1 1 1 00000024 00000000 00000002 0000000c 00000000 00000000 0000002a 00000000
1346033645 7551.68 30026.26 0.00 0.47 0.08 0.22 0.01 0.00 0.00 99.05 7913500 7846788 66712 0.00 0.02 0.01 2120836 7002416 1500 46862480 28373140 205252160 2547 3 35 5 0 1 1 1 1 1 00000024 00000000 00000002 0000000c 00000000 00000000 0000002a 00000000
1346033665 7571.80 30106.47 0.00 0.47 0.08 0.22 0.01 0.00 0.00 99.05 7913500 7846936 66564 0.00 0.02 0.01 2120852 7002400 1500 46862480 28373140 205252160 2547 3 35 5 0 1 1 1 1 1 00000024 00000000 00000002 0000000c 00000000 00000000 0000002a 00000000
1346033685 7591.93 30186.46 0.00 0.47 0.08 0.22 0.01 0.00 0.00 99.05 7913500 7846688 66812 0.15 0.05 0.02 2120868 7002384 1504 46862476 28373140 205252160 2547 3 35 5 0 1 1 1 1 1 00000024 00000000 00000002 0000000c 00000000 00000000 0000002a 00000000
1346033705 7612.04 30266.23 0.00 0.47 0.08 0.22 0.01 0.00 0.00 99.05 7913500 7846696 66804 0.31 0.09 0.03 2120880 7002372 1504 46862476 28373140 205252160 2547 3 35 5 0 1 1 1 1 1 00000024 00000000 00000002 0000000c 00000000 00000000 0000002a 00000000
1346033725 7632.17 30346.39 0.00 0.47 0.08 0.22 0.01 0.00 0.00 99.05 7913500 7846696 66804 0.22 0.08 0.03 2120892 7002360 1504 46862476 28373140 205252160 2547 3 35 5 0 1 1 1 1 1 00000024 00000000 00000002 0000000c 00000000 00000000 0000002a 00000000
1346033746 7652.29 30427.20 0.00 0.47 0.08 0.22 0.01 0.00 0.00 99.05 7913500 7846820 66680 0.16 0.08 0.03 2120904 7002348 1504 46862476 28373140 205252160 2547 3 35 5 0 1 1 1 1 1 00000024 00000000 00000002 0000000c 00000000 00000000 0000002a 00000000
1346033766 7672.41 30507.41 0.00 0.47 0.08 0.22 0.01 0.00 0.00 99.05 7913500 7847044 66456 0.11 0.07 0.03 2120916 7002336 1504 46862476 28373140 205252160 2547 3 35 5 0 1 1 1 1 1 00000024 00000000 00000002 0000000c 00000000 00000000 0000002a 00000000
1346033786 7692.53 30588.00 0.00 0.47 0.07 0.22 0.01 0.00 0.00 99.05 7913500 7846944 66556 0.08 0.07 0.02 2120924 7002328 1504 46862476 28373140 205252160 2547 3 35 5 0 1 1 1 1 1 00000024 00000000 00000002 0000000c 00000000 00000000 0000002a 00000000
1346033806 7712.64 30668.03 0.00 0.47 0.07 0.22 0.01 0.00 0.00 99.05 7913500 7846788 66712 0.06 0.06 0.02 2120944 7002308 1504 46862476 28373140 205252160 2547 3 35 5 0 1 1 1 1 1 00000024 00000000 00000002 0000000c 00000000 00000000 0000002a 00000000
1346033826 7732.77 30748.15 0.00 0.47 0.07 0.22 0.01 0.00 0.00 99.05 7913500 7846820 66680 0.04 0.06 0.02 2120952 7002300 1504 46862476 28373140 205252160 2547 3 35 5 0 1 1 1 1 1 00000024 00000000 00000002 0000000c 00000000 00000000 0000002a 00000000
1346033846 7752.89 30828.15 0.00 0.47 0.07 0.22 0.01 0.00 0.00 99.05 7913500 7847060 66440 0.03 0.05 0.02 2120968 7002284 1520 46862460 28373140 205252160 2547 3 35 5 0 1 1 1 1 1 00000024 00000000 00000002 0000000c 00000000 00000000 0000002a 00000000
1346033866 7773.01 30908.31 0.00 0.47 0.07 0.22 0.01 0.00 0.00 99.05 7913500 7847308 66192 0.02 0.05 0.02 2120980 7002272 1544 46862436 28373140 205252160 2547 3 35 5 0 1 1 1 1 1 00000024 00000000 00000002 0000000c 00000000 00000000 0000002a 00000000
1346033886 7793.12 30988.41 0.00 0.46 0.07 0.22 0.01 0.00 0.00 99.05 7913500 7846936 66564 0.01 0.04 0.01 2120992 7002260 1544 46862436 28373140 205252160 2547 3 35 5 0 1 1 1 1 1 00000024 00000000 00000002 0000000c 00000000 00000000 0000002a 00000000
1346033906 7813.24 31068.59 0.00 0.46 0.07 0.22 0.01 0.00 0.00 99.05 7913500 7846952 66548 0.01 0.04 0.01 2121004 7002248 1544 46862436 28373140 205252160 2547 3 35 5 0 1 1 1 1 1 00000024 00000000 00000002 0000000c 00000000 00000000 0000002a 00000000
1346033927 7833.36 31149.15 0.00 0.46 0.07 0.22 0.01 0.00 0.00 99.06 7913500 7847168 66332 0.00 0.04 0.01 2121016 7002236 1544 46862436 28373140 205252160 2547 3 35 5 0 1 1 1 1 1 00000024 00000000 00000002 0000000c 00000000 00000000 0000002a 00000000
1346033947 7853.48 31229.20 0.00 0.46 0.07 0.21 0.01 0.00 0.00 99.06 7913500 7847432 66068 0.00 0.03 0.01 2121032 7002220 1544 46862436 28373140 205252160 2547 3 35 5 0 1 1 1 1 1 00000024 00000000 00000002 0000000c 00000000 00000000 0000002a 00000000
1346033967 7873.59 31309.43 0.00 0.46 0.07 0.21 0.01 0.00 0.00 99.06 7913500 7847184 66316 0.00 0.03 0.01 2121044 7002208 1544 46862436 28373140 205252160 2547 3 35 5 0 1 1 1 1 1 00000024 00000000 00000002 0000000c 00000000 00000000 0000002a 00000000
1346033987 7893.72 31389.84 0.00 0.46 0.07 0.21 0.01 0.00 0.00 99.06 7913500 7847284 66216 0.00 0.03 0.00 2121056 7002196 1544 46862436 28373140 205252160 2547 3 35 5 0 1 1 1 1 1 00000024 00000000 00000002 0000000c 00000000 00000000 0000002a 00000000
1346034007 7913.83 31470.18 0.00 0.46 0.07 0.21 0.01 0.00 0.00 99.06 7913500 7847308 66192 0.00 0.02 0.00 2121068 7002184 1548 46862432 28373140 205252160 2547 3 35 5 0 1 1 1 1 1 00000024 00000000 00000002 0000000c 00000000 00000000 0000002a 00000000
1346034027 7933.95 31550.83 0.00 0.46 0.07 0.21 0.01 0.00 0.00 99.06 7913500 7847316 66184 0.00 0.02 0.00 2121084 7002168 1548 46862432 28373140 205252160 2547 3 35 5 0 1 1 1 1 1 00000024 00000000 00000002 0000000c 00000000 00000000 0000002a 00000000
1346034047 7954.06 31631.11 0.00 0.46 0.07 0.21 0.01 0.00 0.00 99.06 7913500 7847052 66448 0.00 0.02 0.00 2121092 7002160 1548 46862432 28373140 205252160 2547 3 35 5 0 1 1 1 1 1 00000024 00000000 00000002 0000000c 00000000 00000000 0000002a 00000000
1346034067 7974.19 31711.84 0.00 0.46 0.07 0.21 0.01 0.00 0.00 99.06 7913500 7847208 66292 0.00 0.02 0.00 2121104 7002148 1548 46862432 28373140 205252160 2547 3 35 5 0 1 1 1 1 1 00000024 00000000 00000002 0000000c 00000000 00000000 0000002a 00000000
1346034088 7994.30 31790.74 0.00 0.47 0.07 0.21 0.01 0.00 0.00 99.06 7913500 7855428 58072 0.00 0.02 0.00 2121128 7002124 1572 46862408 29184612 204440688 2620 3 35 5 0 1 1 1 1 1 00000026 00000001 00000000 0000000c 0000004a 00000000 0000002d 00000000
1346034108 8014.43 31866.15 0.00 0.47 0.08 0.21 0.01 0.00 0.00 99.04 7913500 7823552 89948 0.06 0.03 0.00 2121156 7002096 1588 46862392 31196616 202428684 2802 3 35 5 0 1 1 1 1 1 00000029 00000001 00000001 0000000d 00000037 00000000 00000030 00000000
1346034128 8034.57 31941.68 0.00 0.48 0.08 0.21 0.01 0.00 0.00 99.03 7913500 7822160 91340 0.04 0.03 0.00 2121188 7002064 1588 46862392 33286436 200338864 2989 3 35 5 0 1 1 1 1 1 0000002c 00000001 00000002 0000000e 00000015 00000000 00000033 00000000
1346034148 8054.70 32017.60 0.00 0.49 0.09 0.21 0.01 0.00 0.00 99.01 7913500 7823036 90464 0.38 0.11 0.03 2121220 7002032 1588 46862392 35465180 198160120 3185 3 35 5 0 1 1 1 1 1 0000002d 00000000 00000002 0000000f 00000000 00000000 00000034 00000000
1346034168 8074.83 32097.95 0.00 0.49 0.09 0.21 0.01 0.00 0.00 99.01 7913500 7823192 90308 0.27 0.10 0.02 2121236 7002016 1596 46862384 35465180 198160120 3185 3 37 5 0 1 1 1 1 1 0000002d 00000000 00000002 0000000f 00000000 00000000 00000034 00000000
1346034188 8094.95 32177.94 0.00 0.49 0.09 0.21 0.01 0.00 0.00 99.01 7913500 7822912 90588 0.19 0.09 0.02 2121244 7002008 1600 46862380 35465180 198160120 3185 3 38 5 0 1 1 1 1 1 0000002d 00000000 00000002 0000000f 00000000 00000000 00000034 00000000
1346034208 8115.07 32259.22 0.00 0.49 0.09 0.21 0.01 0.00 0.00 99.01 7913500 7823648 89852 0.14 0.08 0.02 2121260 7001992 1608 46862372 35465180 198160120 3185 3 40 5 0 1 1 1 1 1 0000002d 00000000 00000002 0000000f 00000000 00000000 00000034 00000000
1346034228 8135.20 32339.29 0.00 0.49 0.09 0.21 0.01 0.00 0.00 99.01 7913500 7822312 91188 0.10 0.08 0.02 2121272 7001980 1608 46862372 35465180 198160120 3185 3 40 5 0 1 1 1 1 1 0000002d 00000000 00000002 0000000f 00000000 00000000 00000034 00000000
1346034249 8155.32 32419.65 0.00 0.49 0.09 0.21 0.01 0.00 0.00 99.01 7913500 7823468 90032 0.07 0.07 0.02 2121288 7001964 1608 46862372 35465180 198160120 3185 3 40 5 0 1 1 1 1 1 0000002d 00000000 00000002 0000000f 00000000 00000000 00000034 00000000
1346034269 8175.44 32499.88 0.00 0.49 0.09 0.21 0.01 0.00 0.00 99.02 7913500 7823468 90032 0.05 0.07 0.02 2121300 7001952 1608 46862372 35465180 198160120 3185 3 40 5 0 1 1 1 1 1 0000002d 00000000 00000002 0000000f 00000000 00000000 00000034 00000000
1346034289 8195.57 32580.10 0.00 0.49 0.09 0.21 0.01 0.00 0.00 99.02 7913500 7823848 89652 0.03 0.06 0.01 2121312 7001940 1608 46862372 35465180 198160120 3185 3 40 5 0 1 1 1 1 1 0000002d 00000000 00000002 0000000f 00000000 00000000 00000034 00000000
1346034309 8215.69 32660.46 0.00 0.49 0.09 0.21 0.01 0.00 0.00 99.02 7913500 7823484 90016 0.02 0.06 0.01 2121320 7001932 1608 46862372 35465180 198160120 3185 3 40 5 0 1 1 1 1 1 0000002d 00000000 00000002 0000000f 00000000 00000000 00000034 00000000
1346034329 8235.82 32740.50 0.00 0.48 0.09 0.21 0.01 0.00 0.00 99.02 7913500 7823740 89760 0.02 0.05 0.01 2121336 7001916 1612 46862368 35465180 198160120 3185 3 40 5 0 1 1 1 1 1 0000002d 00000000 00000002 0000000f 00000000 00000000 00000034 00000000
1346034349 8255.94 32821.44 0.00 0.48 0.09 0.21 0.01 0.00 0.00 99.02 7913500 7823204 90296 0.01 0.05 0.01 2121348 7001904 1612 46862368 35465180 198160120 3185 3 40 5 0 1 1 1 1 1 0000002d 00000000 00000002 0000000f 00000000 00000000 00000034 00000000
1346034369 8276.06 32901.64 0.00 0.48 0.09 0.21 0.01 0.00 0.00 99.02 7913500 7823352 90148 0.16 0.08 0.02 2121364 7001888 1612 46862368 35465180 198160120 3185 3 40 5 0 1 1 1 1 1 0000002d 00000000 00000002 0000000f 00000000 00000000 00000034 00000000
1346034389 8296.19 32982.20 0.00 0.48 0.09 0.21 0.01 0.00 0.00 99.02 7913500 7823344 90156 0.24 0.10 0.02 2121376 7001876 1620 46862360 35465180 198160120 3185 3 40 5 0 1 1 1 1 1 0000002d 00000000 00000002 0000000f 00000000 00000000 00000034 00000000
1346034410 8316.31 33062.69 0.00 0.48 0.09 0.21 0.01 0.00 0.00 99.02 7913500 7823964 89536 0.17 0.09 0.02 2121388 7001864 1636 46862344 35465180 198160120 3185 3 40 5 0 1 1 1 1 1 0000002d 00000000 00000002 0000000f 00000000 00000000 00000034 00000000
1346034430 8336.44 33142.75 0.00 0.48 0.09 0.21 0.01 0.00 0.00 99.02 7913500 7823592 89908 0.12 0.09 0.02 2121404 7001848 1652 46862328 35465180 198160120 3185 3 40 5 0 1 1 1 1 1 0000002d 00000000 00000002 0000000f 00000000 00000000 00000034 00000000
1346034450 8356.56 33223.25 0.00 0.48 0.09 0.21 0.01 0.00 0.00 99.02 7913500 7823336 90164 0.09 0.08 0.02 2121408 7001844 1652 46862328 35465180 198160120 3185 3 40 5 0 1 1 1 1 1 0000002d 00000000 00000002 0000000f 00000000 00000000 00000034 00000000
1346034470 8376.69 33303.49 0.00 0.48 0.09 0.21 0.01 0.00 0.00 99.02 7913500 7824360 89140 0.06 0.08 0.02 2121424 7001828 1652 46862328 35465180 198160120 3185 3 40 5 0 1 1 1 1 1 0000002d 00000000 00000002 0000000f 00000000 00000000 00000034 00000000
1346034490 8396.82 33384.28 0.00 0.48 0.09 0.21 0.01 0.00 0.00 99.03 7913500 7823460 90040 0.11 0.08 0.02 2121436 7001816 1652 46862328 35465180 198160120 3185 3 40 5 0 1 1 1 1 1 0000002d 00000000 00000002 0000000f 00000000 00000000 00000034 00000000
1346034510 8416.94 33464.66 0.00 0.48 0.09 0.21 0.01 0.00 0.00 99.03 7913500 7823948 89552 0.13 0.09 0.02 2121452 7001800 1652 46862328 35465180 198160120 3185 3 40 5 0 1 1 1 1 1 0000002d 00000000 00000002 0000000f 00000000 00000000 00000034 00000000
1346034530 8437.07 33544.65 0.00 0.48 0.09 0.21 0.01 0.00 0.00 99.03 7913500 7824360 89140 0.09 0.08 0.02 2121464 7001788 1652 46862328 35465180 198160120 3185 3 40 5 0 1 1 1 1 1 0000002d 00000000 00000002 0000000f 00000000 00000000 00000034 00000000
1346034550 8457.19 33625.02 0.00 0.48 0.09 0.21 0.01 0.00 0.00 99.03 7913500 7824056 89444 0.06 0.08 0.02 2121476 7001776 1652 46862328 35465180 198160120 3185 3 40 5 0 1 1 1 1 1 0000002d 00000000 00000002 0000000f 00000000 00000000 00000034 00000000
1346034571 8477.32 33705.00 0.00 0.48 0.08 0.21 0.01 0.00 0.00 99.03 7913500 7824352 89148 0.04 0.07 0.02 2121488 7001764 1652 46862328 35465180 198160120 3185 3 40 5 0 1 1 1 1 1 0000002d 00000000 00000002 0000000f 00000000 00000000 00000034 00000000
1346034591 8497.44 33785.27 0.00 0.48 0.08 0.21 0.01 0.00 0.00 99.03 7913500 7823708 89792 0.03 0.07 0.02 2121500 7001752 1652 46862328 35465180 198160120 3185 3 40 5 0 1 1 1 1 1 0000002d 00000000 00000002 0000000f 00000000 00000000 00000034 00000000
1346034611 8517.57 33865.61 0.00 0.48 0.08 0.21 0.01 0.00 0.00 99.03 7913500 7823824 89676 0.02 0.06 0.01 2121516 7001736 1652 46862328 35465180 198160120 3185 3 40 5 0 1 1 1 1 1 0000002d 00000000 00000002 0000000f 00000000 00000000 00000034 00000000
1346034631 8537.69 33945.89 0.00 0.48 0.08 0.21 0.01 0.00 0.00 99.03 7913500 7824080 89420 0.01 0.06 0.01 2121524 7001728 1676 46862304 35465180 198160120 3185 3 40 5 0 1 1 1 1 1 0000002d 00000000 00000002 0000000f 00000000 00000000 00000034 00000000
1346034651 8557.81 34025.98 0.00 0.48 0.08 0.21 0.01 0.00 0.00 99.03 7913500 7824360 89140 0.01 0.05 0.01 2121540 7001712 1684 46862296 35465180 198160120 3185 3 40 5 0 1 1 1 1 1 0000002d 00000000 00000002 0000000f 00000000 00000000 00000034 00000000
1346034671 8577.94 34106.05 0.00 0.48 0.08 0.21 0.01 0.00 0.00 99.03 7913500 7824072 89428 0.01 0.05 0.01 2121552 7001700 1696 46862284 35465180 198160120 3185 3 40 5 0 1 1 1 1 1 0000002d 00000000 00000002 0000000f 00000000 00000000 00000034 00000000
1346034691 8598.06 34186.56 0.00 0.48 0.08 0.21 0.01 0.00 0.00 99.03 7913500 7823536 89964 0.00 0.04 0.01 2121564 7001688 1696 46862284 35465180 198160120 3185 3 40 5 0 1 1 1 1 1 0000002d 00000000 00000002 0000000f 00000000 00000000 00000034 00000000
1346034711 8618.19 34266.50 0.00 0.48 0.08 0.21 0.01 0.00 0.00 99.03 7913500 7823716 89784 0.00 0.04 0.00 2121576 7001676 1696 46862284 35465180 198160120 3185 3 40 5 0 1 1 1 1 1 0000002d 00000000 00000002 0000000f 00000000 00000000 00000034 00000000
1346034732 8638.31 34347.45 0.00 0.48 0.08 0.21 0.01 0.00 0.00 99.03 7913500 7824352 89148 0.00 0.04 0.00 2121588 7001664 1696 46862284 35465180 198160120 3185 3 40 5 0 1 1 1 1 1 0000002d 00000000 00000002 0000000f 00000000 00000000 00000034 00000000
1346034752 8658.43 34427.00 0.00 0.48 0.08 0.21 0.01 0.00 0.00 99.03 7913500 7824352 89148 0.00 0.03 0.00 2121600 7001652 1696 46862284 35465180 198160120 3185 3 40 5 0 1 1 1 1 1 0000002d 00000000 00000002 0000000f 00000000 00000000 00000034 00000000
1346034772 8678.56 34507.28 0.00 0.48 0.08 0.21 0.01 0.00 0.00 99.03 7913500 7824592 88908 0.00 0.03 0.00 2121616 7001636 1696 46862284 35465180 198160120 3185 3 40 5 0 1 1 1 1 1 0000002d 00000000 00000002 0000000f 00000000 00000000 00000034 00000000
1346034792 8698.68 34587.57 0.00 0.48 0.08 0.21 0.01 0.00 0.00 99.03 7913500 7824848 88652 0.00 0.03 0.00 2121628 7001624 1696 46862284 35465180 198160120 3185 3 40 5 0 1 1 1 1 1 0000002d 00000000 00000002 0000000f 00000000 00000000 00000034 00000000
1346034812 8718.80 34667.64 0.00 0.48 0.08 0.21 0.01 0.00 0.00 99.04 7913500 7824360 89140 0.00 0.03 0.00 2121644 7001608 1696 46862284 35465180 198160120 3185 3 40 5 0 1 1 1 1 1 0000002d 00000000 00000002 0000000f 00000000 00000000 00000034 00000000
1346034832 8738.93 34748.60 0.00 0.48 0.08 0.21 0.01 0.00 0.00 99.04 7913500 7824600 88900 0.00 0.02 0.00 2121656 7001596 1696 46862284 35465180 198160120 3185 3 40 5 0 1 1 1 1 1 0000002d 00000000 00000002 0000000f 00000000 00000000 00000034 00000000
1346034852 8759.05 34828.92 0.00 0.48 0.08 0.21 0.01 0.00 0.00 99.04 7913500 7824708 88792 0.00 0.02 0.00 2121660 7001592 1704 46862276 35465180 198160120 3185 3 40 5 0 1 1 1 1 1 0000002d 00000000 00000002 0000000f 00000000 00000000 00000034 00000000
1346034872 8779.17 34908.85 0.00 0.48 0.08 0.21 0.01 0.00 0.00 99.04 7913500 7824600 88900 0.00 0.02 0.00 2121680 7001572 1720 46862260 35465180 198160120 3185 3 40 5 0 1 1 1 1 1 0000002d 00000000 00000002 0000000f 00000000 00000000 00000034 00000000
1346034893 8799.30 34989.29 0.00 0.48 0.08 0.21 0.01 0.00 0.00 99.04 7913500 7824824 88676 0.00 0.02 0.00 2121688 7001564 1736 46862244 35465180 198160120 3185 3 40 5 0 1 1 1 1 1 0000002d 00000000 00000002 0000000f 00000000 00000000 00000034 00000000
1346034913 8819.42 35069.62 0.00 0.48 0.08 0.21 0.01 0.00 0.00 99.04 7913500 7824468 89032 0.00 0.02 0.00 2121704 7001548 1736 46862244 35465180 198160120 3185 3 40 5 0 1 1 1 1 1 0000002d 00000000 00000002 0000000f 00000000 00000000 00000034 00000000
1346034933 8839.55 35150.44 0.00 0.48 0.08 0.21 0.01 0.00 0.00 99.04 7913500 7824476 89024 0.00 0.01 0.00 2121716 7001536 1736 46862244 35465180 198160120 3185 3 40 5 0 1 1 1 1 1 0000002d 00000000 00000002 0000000f 00000000 00000000 00000034 00000000
1346034953 8859.67 35230.79 0.00 0.48 0.08 0.21 0.01 0.00 0.00 99.04 7913500 7823964 89536 0.00 0.01 0.00 2121728 7001524 1736 46862244 35465180 198160120 3185 3 40 5 0 1 1 1 1 1 0000002d 00000000 00000002 0000000f 00000000 00000000 00000034 00000000
1346034973 8879.79 35310.80 0.00 0.48 0.08 0.20 0.01 0.00 0.00 99.04 7913500 7824476 89024 0.00 0.01 0.00 2121740 7001512 1736 46862244 35465180 198160120 3185 3 40 5 0 1 1 1 1 1 0000002d 00000000 00000002 0000000f 00000000 00000000 00000034 00000000
1346034993 8899.91 35391.11 0.00 0.48 0.08 0.20 0.01 0.00 0.00 99.04 7913500 7824848 88652 0.00 0.01 0.00 2121752 7001500 1740 46862240 35465180 198160120 3185 3 40 5 0 1 1 1 1 1 0000002d 00000000 00000002 0000000f 00000000 00000000 00000034 00000000
1346035013 8920.04 35471.29 0.00 0.48 0.08 0.20 0.01 0.00 0.00 99.04 7913500 7824972 88528 0.00 0.01 0.00 2121768 7001484 1740 46862240 35465180 198160120 3185 3 40 5 0 1 1 1 1 1 0000002d 00000000 00000002 0000000f 00000000 00000000 00000034 00000000
1346035033 8940.16 35551.83 0.00 0.48 0.08 0.20 0.01 0.00 0.00 99.04 7913500 7824848 88652 0.00 0.00 0.00 2121780 7001472 1740 46862240 35465180 198160120 3185 3 40 5 0 1 1 1 1 1 0000002d 00000000 00000002 0000000f 00000000 00000000 00000034 00000000
1346035054 8960.28 35631.94 0.00 0.47 0.08 0.20 0.01 0.00 0.00 99.04 7913500 7824848 88652 0.15 0.04 0.01 2121792 7001460 1740 46862240 35465180 198160120 3185 3 40 5 0 1 1 1 1 1 0000002d 00000000 00000002 0000000f 00000000 00000000 00000034 00000000
1346035074 8980.41 35711.64 0.00 0.47 0.08 0.21 0.01 0.00 0.00 99.04 7913500 7824972 88528 0.31 0.08 0.02 2121804 7001448 1740 46862240 35465180 198160120 3185 3 40 5 0 1 1 1 1 1 0000002d 00000000 00000002 0000000f 00000000 00000000 00000034 00000000
1346035094 9000.53 35792.03 0.00 0.47 0.08 0.21 0.01 0.00 0.00 99.05 7913500 7825088 88412 0.22 0.07 0.02 2121820 7001432 1764 46862216 35465180 198160120 3185 3 40 5 0 1 1 1 1 1 0000002d 00000000 00000002 0000000f 00000000 00000000 00000034 00000000
1346035114 9020.65 35872.65 0.00 0.47 0.08 0.20 0.01 0.00 0.00 99.05 7913500 7824972 88528 0.16 0.07 0.02 2121828 7001424 1772 46862208 35465180 198160120 3185 3 40 5 0 1 1 1 1 1 0000002d 00000000 00000002 0000000f 00000000 00000000 00000034 00000000
1346035134 9040.78 35952.88 0.00 0.47 0.08 0.20 0.01 0.00 0.00 99.05 7913500 7825096 88404 0.11 0.06 0.02 2121840 7001412 1780 46862200 35465180 198160120 3185 3 40 5 0 1 1 1 1 1 0000002d 00000000 00000002 0000000f 00000000 00000000 00000034 00000000
1346035154 9060.89 36033.02 0.00 0.47 0.08 0.20 0.01 0.00 0.00 99.05 7913500 7825096 88404 0.08 0.06 0.02 2121856 7001396 1780 46862200 35465180 198160120 3185 3 40 5 0 1 1 1 1 1 0000002d 00000000 00000002 0000000f 00000000 00000000 00000034 00000000
1346035174 9081.01 36114.25 0.00 0.47 0.08 0.20 0.01 0.00 0.00 99.05 7913500 7824848 88652 0.06 0.05 0.01 2121868 7001384 1784 46862196 35465180 198160120 3185 3 41 5 0 1 1 1 1 1 0000002d 00000000 00000002 0000000f 00000000 00000000 00000034 00000000
1346035194 9101.13 36194.41 0.00 0.47 0.08 0.20 0.01 0.00 0.00 99.05 7913500 7824560 88940 0.04 0.05 0.01 2121880 7001372 1792 46862188 35465180 198160120 3185 3 43 5 0 1 1 1 1 1 0000002d 00000000 00000002 0000000f 00000000 00000000 00000034 00000000
1346035214 9121.26 36274.52 0.00 0.47 0.08 0.20 0.01 0.00 0.00 99.05 7913500 7824476 89024 0.03 0.05 0.01 2121896 7001356 1800 46862180 35465180 198160120 3185 3 45 5 0 1 1 1 1 1 0000002d 00000000 00000002 0000000f 00000000 00000000 00000034 00000000
1346035235 9141.38 36354.34 0.00 0.47 0.08 0.20 0.01 0.00 0.00 99.05 7913500 7824692 88808 0.02 0.04 0.01 2121912 7001340 1800 46862180 35465180 198160120 3185 3 45 5 0 1 1 1 1 1 0000002d 00000000 00000002 0000000f 00000000 00000000 00000034 00000000
1346035255 9161.50 36435.07 0.00 0.47 0.08 0.20 0.01 0.00 0.00 99.05 7913500 7825228 88272 0.01 0.04 0.01 2121924 7001328 1800 46862180 35465180 198160120 3185 3 45 5 0 1 1 1 1 1 0000002d 00000000 00000002 0000000f 00000000 00000000 00000034 00000000
1346035275 9181.63 36515.63 0.00 0.47 0.08 0.20 0.01 0.00 0.00 99.05 7913500 7824204 89296 0.01 0.03 0.00 2121944 7001308 1800 46862180 35465180 198160120 3185 3 45 5 0 1 1 1 1 1 0000002d 00000000 00000002 0000000f 00000000 00000000 00000034 00000000
1346035295 9201.75 36595.79 0.00 0.47 0.08 0.20 0.01 0.00 0.00 99.05 7913500 7824856 88644 0.00 0.03 0.00 2121956 7001296 1800 46862180 35465180 198160120 3185 3 45 5 0 1 1 1 1 1 0000002d 00000000 00000002 0000000f 00000000 00000000 00000034 00000000
1346035315 9221.87 36675.82 0.00 0.47 0.08 0.20 0.01 0.00 0.00 99.05 7913500 7824824 88676 0.00 0.03 0.00 2121976 7001276 1804 46862176 35465180 198160120 3185 3 45 5 0 1 1 1 1 1 0000002d 00000000 00000002 0000000f 00000000 00000000 00000034 00000000
1346035335 9241.99 36756.02 0.00 0.47 0.08 0.20 0.01 0.00 0.00 99.06 7913500 7824888 88612 0.00 0.03 0.00 2121988 7001264 1804 46862176 35465180 198160120 3185 3 45 5 0 1 1 1 1 1 0000002d 00000000 00000002 0000000f 00000000 00000000 00000034 00000000
1346035355 9262.11 36836.73 0.00 0.47 0.08 0.20 0.01 0.00 0.00 99.06 7913500 7824468 89032 0.00 0.02 0.00 2122000 7001252 1804 46862176 35465180 198160120 3185 3 45 5 0 1 1 1 1 1 0000002d 00000000 00000002 0000000f 00000000 00000000 00000034 00000000
1346035375 9282.23 36917.35 0.00 0.47 0.08 0.20 0.01 0.00 0.00 99.06 7913500 7824452 89048 0.00 0.02 0.00 2122024 7001228 1804 46862176 35465180 198160120 3185 3 45 5 0 1 1 1 1 1 0000002d 00000000 00000002 0000000f 00000000 00000000 00000034 00000000
1346035396 9302.35 36997.45 0.00 0.47 0.08 0.20 0.01 0.00 0.00 99.06 7913500 7824964 88536 0.00 0.02 0.00 2122036 7001216 1812 46862168 35465180 198160120 3185 3 45 5 0 1 1 1 1 1 0000002d 00000000 00000002 0000000f 00000000 00000000 00000034 00000000
1346035416 9322.48 37077.01 0.00 0.47 0.08 0.20 0.01 0.00 0.00 99.06 7913500 7825096 88404 0.00 0.02 0.00 2122052 7001200 1828 46862152 35465180 198160120 3185 3 45 5 0 1 1 1 1 1 0000002d 00000000 00000002 0000000f 00000000 00000000 00000034 00000000
1346035436 9342.60 37157.37 0.00 0.47 0.08 0.20 0.01 0.00 0.00 99.06 7913500 7824972 88528 0.00 0.02 0.00 2122068 7001184 1844 46862136 35465180 198160120 3185 3 45 5 0 1 1 1 1 1 0000002d 00000000 00000002 0000000f 00000000 00000000 00000034 00000000
1346035456 9362.72 37238.10 0.00 0.47 0.08 0.20 0.01 0.00 0.00 99.06 7913500 7825336 88164 0.00 0.01 0.00 2122080 7001172 1844 46862136 35465180 198160120 3185 3 45 5 0 1 1 1 1 1 0000002d 00000000 00000002 0000000f 00000000 00000000 00000034 00000000
1346035476 9382.84 37318.42 0.00 0.47 0.08 0.20 0.01 0.00 0.00 99.06 7913500 7824724 88776 0.00 0.01 0.00 2122096 7001156 1844 46862136 35465180 198160120 3185 3 45 5 0 1 1 1 1 1 0000002d 00000000 00000002 0000000f 00000000 00000000 00000034 00000000
1346035496 9402.96 37398.62 0.00 0.47 0.08 0.20 0.01 0.00 0.00 99.06 7913500 7825152 88348 0.00 0.01 0.00 2122112 7001140 1844 46862136 35465180 198160120 3185 3 45 5 0 1 1 1 1 1 0000002d 00000000 00000002 0000000f 00000000 00000000 00000034 00000000
1346035516 9423.08 37479.04 0.00 0.47 0.08 0.20 0.01 0.00 0.00 99.06 7913500 7825104 88396 0.00 0.01 0.00 2122128 7001124 1844 46862136 35465180 198160120 3185 3 45 5 0 1 1 1 1 1 0000002d 00000000 00000002 0000000f 00000000 00000000 00000034 00000000
1346035536 9443.21 37559.24 0.00 0.47 0.08 0.20 0.01 0.00 0.00 99.06 7913500 7825600 87900 0.00 0.01 0.00 2122140 7001112 1844 46862136 35465180 198160120 3185 3 45 5 0 1 1 1 1 1 0000002d 00000000 00000002 0000000f 00000000 00000000 00000034 00000000
1346035557 9463.33 37639.28 0.00 0.47 0.08 0.20 0.01 0.00 0.00 99.06 7913500 7825476 88024 0.00 0.00 0.00 2122160 7001092 1844 46862136 35465180 198160120 3185 3 45 5 0 1 1 1 1 1 0000002d 00000000 00000002 0000000f 00000000 00000000 00000034 00000000
1346035577 9483.46 37719.64 0.00 0.47 0.08 0.20 0.01 0.00 0.00 99.06 7913500 7824956 88544 0.00 0.00 0.00 2122172 7001080 1844 46862136 35465180 198160120 3185 3 45 5 0 1 1 1 1 1 0000002d 00000000 00000002 0000000f 00000000 00000000 00000034 00000000
1346035597 9503.58 37800.01 0.00 0.47 0.08 0.20 0.01 0.00 0.00 99.06 7913500 7825344 88156 0.00 0.00 0.00 2122192 7001060 1844 46862136 35465180 198160120 3185 3 45 5 0 1 1 1 1 1 0000002d 00000000 00000002 0000000f 00000000 00000000 00000034 00000000
1346035617 9523.71 37879.95 0.00 0.47 0.08 0.20 0.01 0.00 0.00 99.06 7913500 7825152 88348 0.00 0.00 0.00 2122208 7001044 1844 46862136 35465180 198160120 3185 3 45 5 0 1 1 1 1 1 0000002d 00000000 00000002 0000000f 00000000 00000000 00000034 00000000
1346035637 9543.83 37959.91 0.00 0.47 0.08 0.20 0.01 0.00 0.00 99.06 7913500 7825244 88256 0.00 0.00 0.00 2122220 7001032 1860 46862120 35465180 198160120 3185 3 45 5 0 1 1 1 1 1 0000002d 00000000 00000002 0000000f 00000000 00000000 00000034 00000000
1346035657 9563.96 38040.15 0.00 0.47 0.08 0.20 0.01 0.00 0.00 99.06 7913500 7825532 87968 0.00 0.00 0.00 2122240 7001012 1880 46862100 35465180 198160120 3185 3 45 5 0 1 1 1 1 1 0000002d 00000000 00000002 0000000f 00000000 00000000 00000034 00000000
1346035677 9584.08 38120.40 0.00 0.47 0.08 0.20 0.01 0.00 0.00 99.06 7913500 7825204 88296 0.00 0.00 0.00 2122252 7001000 1888 46862092 35465180 198160120 3185 3 45 5 0 1 1 1 1 1 0000002d 00000000 00000002 0000000f 00000000 00000000 00000034 00000000
1346035697 9604.20 38200.68 0.00 0.47 0.07 0.20 0.01 0.00 0.00 99.07 7913500 7825344 88156 0.20 0.05 0.01 2122260 7000992 1888 46862092 35465180 198160120 3185 3 45 5 0 1 1 1 1 1 0000002d 00000000 00000002 0000000f 00000000 00000000 00000034 00000000
1346035718 9624.33 38280.68 0.00 0.47 0.07 0.20 0.01 0.00 0.00 99.07 7913500 7825376 88124 0.13 0.04 0.01 2122284 7000968 1888 46862092 35465180 198160120 3185 3 45 5 0 1 1 1 1 1 0000002d 00000000 00000002 0000000f 00000000 00000000 00000034 00000000
1346035738 9644.45 38361.24 0.00 0.47 0.07 0.20 0.01 0.00 0.00 99.07 7913500 7825556 87944 0.17 0.06 0.02 2122292 7000960 1888 46862092 35465180 198160120 3185 3 45 5 0 1 1 1 1 1 0000002d 00000000 00000002 0000000f 00000000 00000000 00000034 00000000
1346035758 9664.57 38441.65 0.00 0.47 0.07 0.20 0.01 0.00 0.00 99.07 7913500 7825384 88116 0.41 0.12 0.04 2122312 7000940 1888 46862092 35465180 198160120 3185 3 45 5 0 1 1 1 1 1 0000002d 00000000 00000002 0000000f 00000000 00000000 00000034 00000000
1346035778 9684.69 38521.78 0.00 0.47 0.07 0.20 0.01 0.00 0.00 99.07 7913500 7825408 88092 0.29 0.11 0.03 2122328 7000924 1888 46862092 35465180 198160120 3185 3 45 5 0 1 1 1 1 1 0000002d 00000000 00000002 0000000f 00000000 00000000 00000034 00000000
1346035798 9704.81 38602.07 0.00 0.46 0.07 0.20 0.01 0.00 0.00 99.07 7913500 7825844 87656 0.21 0.10 0.03 2122340 7000912 1888 46862092 35465180 198160120 3185 3 45 5 0 1 1 1 1 1 0000002d 00000000 00000002 0000000f 00000000 00000000 00000034 00000000
1346035818 9724.94 38682.30 0.00 0.46 0.07 0.20 0.01 0.00 0.00 99.07 7913500 7825592 87908 0.15 0.09 0.03 2122356 7000896 1888 46862092 35465180 198160120 3185 3 45 5 0 1 1 1 1 1 0000002d 00000000 00000002 0000000f 00000000 00000000 00000034 00000000
1346035838 9745.06 38762.74 0.00 0.46 0.07 0.20 0.01 0.00 0.00 99.07 7913500 7825476 88024 0.10 0.08 0.03 2122372 7000880 1888 46862092 35465180 198160120 3185 3 45 5 0 1 1 1 1 1 0000002d 00000000 00000002 0000000f 00000000 00000000 00000034 00000000
1346035858 9765.18 38842.66 0.00 0.46 0.07 0.20 0.01 0.00 0.00 99.07 7913500 7825608 87892 0.07 0.08 0.03 2122388 7000864 1888 46862092 35465180 198160120 3185 3 45 5 0 1 1 1 1 1 0000002d 00000000 00000002 0000000f 00000000 00000000 00000034 00000000
1346035879 9785.30 38923.27 0.00 0.46 0.07 0.20 0.01 0.00 0.00 99.07 7913500 7825600 87900 0.05 0.07 0.02 2122404 7000848 1912 46862068 35465180 198160120 3185 3 45 5 0 1 1 1 1 1 0000002d 00000000 00000002 0000000f 00000000 00000000 00000034 00000000
1346035899 9805.43 39003.29 0.00 0.46 0.07 0.20 0.01 0.00 0.00 99.07 7913500 7825724 87776 0.04 0.07 0.02 2122420 7000832 1912 46862068 35465180 198160120 3185 3 45 5 0 1 1 1 1 1 0000002d 00000000 00000002 0000000f 00000000 00000000 00000034 00000000
1346035919 9825.55 39083.63 0.00 0.46 0.07 0.20 0.01 0.00 0.00 99.07 7913500 7825468 88032 0.03 0.06 0.02 2122432 7000820 1928 46862052 35465180 198160120 3185 3 45 5 0 1 1 1 1 1 0000002d 00000000 00000002 0000000f 00000000 00000000 00000034 00000000
1346035939 9845.68 39163.70 0.00 0.46 0.07 0.20 0.01 0.00 0.00 99.07 7913500 7825940 87560 0.02 0.06 0.02 2122452 7000800 1928 46862052 35465180 198160120 3185 3 45 5 0 1 1 1 1 1 0000002d 00000000 00000002 0000000f 00000000 00000000 00000034 00000000
1346035959 9865.80 39243.81 0.00 0.46 0.07 0.20 0.01 0.00 0.00 99.07 7913500 7825716 87784 0.01 0.05 0.02 2122464 7000788 1928 46862052 35465180 198160120 3185 3 45 5 0 1 1 1 1 1 0000002d 00000000 00000002 0000000f 00000000 00000000 00000034 00000000
1346035979 9885.92 39324.24 0.00 0.46 0.07 0.20 0.01 0.00 0.00 99.07 7913500 7825840 87660 0.01 0.05 0.01 2122480 7000772 1932 46862048 35465180 198160120 3185 3 45 5 0 1 1 1 1 1 0000002d 00000000 00000002 0000000f 00000000 00000000 00000034 00000000
1346035999 9906.04 39404.19 0.00 0.46 0.07 0.20 0.01 0.00 0.00 99.07 7913500 7825684 87816 0.00 0.04 0.01 2122492 7000760 1932 46862048 35465180 198160120 3185 3 45 5 0 1 1 1 1 1 0000002d 00000000 00000002 0000000f 00000000 00000000 00000034 00000000
1346036019 9926.17 39484.59 0.00 0.46 0.07 0.20 0.01 0.00 0.00 99.07 7913500 7825824 87676 0.00 0.04 0.01 2122512 7000740 1932 46862048 35465180 198160120 3185 3 45 5 0 1 1 1 1 1 0000002d 00000000 00000002 0000000f 00000000 00000000 00000034 00000000
1346036040 9946.29 39564.50 0.00 0.46 0.07 0.20 0.01 0.00 0.00 99.07 7913500 7825584 87916 0.00 0.04 0.01 2122528 7000724 1932 46862048 35465180 198160120 3185 3 45 5 0 1 1 1 1 1 0000002d 00000000 00000002 0000000f 00000000 00000000 00000034 00000000
1346036060 9966.40 39644.40 0.00 0.46 0.07 0.20 0.01 0.00 0.00 99.07 7913500 7825972 87528 0.00 0.03 0.01 2122544 7000708 1932 46862048 35465180 198160120 3185 3 45 5 0 1 1 1 1 1 0000002d 00000000 00000002 0000000f 00000000 00000000 00000034 00000000
1346036080 9986.53 39721.74 0.00 0.47 0.07 0.20 0.01 0.00 0.00 99.07 7913500 7844692 68808 0.15 0.06 0.01 2122572 7000680 1932 46862048 36954732 196670568 3320 3 45 5 0 1 1 1 1 1 0000002f 00000001 00000000 0000000f 00000087 00000000 00000037 00000000
1346036100 10006.67 39797.16 0.00 0.47 0.08 0.20 0.01 0.00 0.00 99.05 7913500 7841492 72008 0.25 0.09 0.02 2122600 7000652 1948 46862032 38977852 194647448 3501 3 45 5 0 1 1 1 1 1 00000032 00000001 00000001 00000010 00000075 00000000 0000003a 00000000
1346036120 10026.81 39872.88 0.00 0.48 0.08 0.20 0.01 0.00 0.00 99.04 7913500 7845212 68288 0.26 0.10 0.03 2122640 7000612 1956 46862024 41178828 192446472 3699 3 45 5 0 1 1 1 1 1 00000035 00000001 00000002 00000011 0000003a 00000000 0000003d 00000000
1346036140 10046.95 39950.16 0.00 0.48 0.08 0.20 0.01 0.00 0.00 99.03 7913500 7844384 69116 0.32 0.12 0.04 2122664 7000588 1972 46862008 42557216 191068084 3823 3 45 5 0 1 1 1 1 1 00000036 00000000 00000002 00000012 00000000 00000000 0000003e 00000000
1346036160 10067.09 40030.16 0.00 0.48 0.08 0.20 0.01 0.00 0.00 99.04 7913500 7844276 69224 0.23 0.12 0.03 2122684 7000568 1972 46862008 42557216 191068084 3823 3 45 5 0 1 1 1 1 1 00000036 00000000 00000002 00000012 00000000 00000000 0000003e 00000000
1346036180 10087.21 40110.33 0.00 0.48 0.08 0.20 0.01 0.00 0.00 99.04 7913500 7845368 68132 0.16 0.11 0.03 2122696 7000556 1972 46862008 42557216 191068084 3823 3 45 5 0 1 1 1 1 1 00000036 00000000 00000002 00000012 00000000 00000000 0000003e 00000000
1346036201 10107.33 40190.79 0.00 0.48 0.08 0.20 0.01 0.00 0.00 99.04 7913500 7845368 68132 0.12 0.10 0.03 2122712 7000540 1984 46861996 42557216 191068084 3823 3 48 5 0 1 1 1 1 1 00000036 00000000 00000002 00000012 00000000 00000000 0000003e 00000000
1346036221 10127.46 40270.76 0.00 0.48 0.08 0.20 0.01 0.00 0.00 99.04 7913500 7845492 68008 0.08 0.09 0.03 2122736 7000516 1984 46861996 42557216 191068084 3823 3 48 5 0 1 1 1 1 1 00000036 00000000 00000002 00000012 00000000 00000000 0000003e 00000000
1346036241 10147.59 40350.92 0.00 0.48 0.08 0.20 0.01 0.00 0.00 99.04 7913500 7845244 68256 0.06 0.08 0.03 2122744 7000508 1992 46861988 42557216 191068084 3823 3 50 5 0 1 1 1 1 1 00000036 00000000 00000002 00000012 00000000 00000000 0000003e 00000000
1346036261 10167.72 40430.85 0.00 0.48 0.08 0.20 0.01 0.00 0.00 99.04 7913500 7845368 68132 0.04 0.08 0.02 2122752 7000500 1992 46861988 42557216 191068084 3823 3 50 5 0 1 1 1 1 1 00000036 00000000 00000002 00000012 00000000 00000000 0000003e 00000000
1346036281 10187.85 40510.45 0.00 0.48 0.08 0.20 0.01 0.00 0.00 99.04 7913500 7845360 68140 0.03 0.07 0.02 2122768 7000484 1992 46861988 42557216 191068084 3823 3 50 5 0 1 1 1 1 1 00000036 00000000 00000002 00000012 00000000 00000000 0000003e 00000000
1346036301 10207.98 40590.72 0.00 0.48 0.08 0.20 0.01 0.00 0.00 99.04 7913500 7845244 68256 0.02 0.07 0.02 2122780 7000472 1996 46861984 42557216 191068084 3823 3 50 5 0 1 1 1 1 1 00000036 00000000 00000002 00000012 00000000 00000000 0000003e 00000000
1346036321 10228.11 40671.17 0.00 0.48 0.08 0.20 0.01 0.00 0.00 99.04 7913500 7845368 68132 0.09 0.08 0.02 2122792 7000460 1996 46861984 42557216 191068084 3823 3 50 5 0 1 1 1 1 1 00000036 00000000 00000002 00000012 00000000 00000000 0000003e 00000000
1346036341 10248.24 40751.19 0.00 0.48 0.08 0.20 0.01 0.00 0.00 99.04 7913500 7845368 68132 0.06 0.07 0.02 2122808 7000444 1996 46861984 42557216 191068084 3823 3 50 5 0 1 1 1 1 1 00000036 00000000 00000002 00000012 00000000 00000000 0000003e 00000000
1346036362 10268.37 40830.95 0.00 0.48 0.08 0.20 0.01 0.00 0.00 99.04 7913500 7845724 67776 0.04 0.07 0.02 2122816 7000436 1996 46861984 42557216 191068084 3823 3 50 5 0 1 1 1 1 1 00000036 00000000 00000002 00000012 00000000 00000000 0000003e 00000000
1346036382 10288.50 40911.32 0.00 0.48 0.08 0.20 0.01 0.00 0.00 99.04 7913500 7845476 68024 0.03 0.06 0.02 2122832 7000420 1996 46861984 42557216 191068084 3823 3 50 5 0 1 1 1 1 1 00000036 00000000 00000002 00000012 00000000 00000000 0000003e 00000000
1346036402 10308.62 40991.52 0.00 0.48 0.08 0.20 0.01 0.00 0.00 99.04 7913500 7845492 68008 0.02 0.06 0.02 2122840 7000412 1996 46861984 42557216 191068084 3823 3 50 5 0 1 1 1 1 1 00000036 00000000 00000002 00000012 00000000 00000000 0000003e 00000000
1346036422 10328.75 41071.87 0.00 0.48 0.08 0.20 0.01 0.00 0.00 99.04 7913500 7845452 68048 0.24 0.10 0.03 2122856 7000396 2020 46861960 42557216 191068084 3823 3 50 5 0 1 1 1 1 1 00000036 00000000 00000002 00000012 00000000 00000000 0000003e 00000000
1346036442 10348.88 41151.66 0.00 0.48 0.08 0.20 0.01 0.00 0.00 99.04 7913500 7845864 67636 0.23 0.11 0.03 2122872 7000380 2020 46861960 42557216 191068084 3823 3 50 5 0 1 1 1 1 1 00000036 00000000 00000002 00000012 00000000 00000000 0000003e 00000000
1346036462 10369.01 41232.23 0.00 0.48 0.08 0.20 0.01 0.00 0.00 99.04 7913500 7845244 68256 0.16 0.10 0.03 2122880 7000372 2036 46861944 42557216 191068084 3823 3 50 5 0 1 1 1 1 1 00000036 00000000 00000002 00000012 00000000 00000000 0000003e 00000000
1346036482 10389.14 41312.35 0.00 0.48 0.08 0.20 0.01 0.00 0.00 99.04 7913500 7845600 67900 0.12 0.09 0.03 2122896 7000356 2036 46861944 42557216 191068084 3823 3 50 5 0 1 1 1 1 1 00000036 00000000 00000002 00000012 00000000 00000000 0000003e 00000000
1346036502 10409.26 41393.05 0.00 0.48 0.08 0.20 0.01 0.00 0.00 99.04 7913500 7845592 67908 0.08 0.09 0.03 2122908 7000344 2036 46861944 42557216 191068084 3823 3 50 5 0 1 1 1 1 1 00000036 00000000 00000002 00000012 00000000 00000000 0000003e 00000000
1346036523 10429.39 41473.15 0.00 0.48 0.08 0.20 0.01 0.00 0.00 99.04 7913500 7845608 67892 0.06 0.08 0.03 2122924 7000328 2036 46861944 42557216 191068084 3823 3 50 5 0 1 1 1 1 1 00000036 00000000 00000002 00000012 00000000 00000000 0000003e 00000000
1346036543 10449.51 41553.11 0.00 0.48 0.08 0.20 0.01 0.00 0.00 99.04 7913500 7845608 67892 0.04 0.07 0.02 2122928 7000324 2036 46861944 42557216 191068084 3823 3 50 5 0 1 1 1 1 1 00000036 00000000 00000002 00000012 00000000 00000000 0000003e 00000000
1346036563 10469.64 41633.50 0.00 0.48 0.08 0.20 0.01 0.00 0.00 99.05 7913500 7845732 67768 0.03 0.07 0.02 2122944 7000308 2036 46861944 42557216 191068084 3823 3 50 5 0 1 1 1 1 1 00000036 00000000 00000002 00000012 00000000 00000000 0000003e 00000000
1346036583 10489.77 41713.44 0.00 0.48 0.08 0.20 0.01 0.00 0.00 99.05 7913500 7845732 67768 0.02 0.06 0.02 2122956 7000296 2036 46861944 42557216 191068084 3823 3 50 5 0 1 1 1 1 1 00000036 00000000 00000002 00000012 00000000 00000000 0000003e 00000000
1346036603 10509.90 41793.87 0.00 0.48 0.08 0.20 0.01 0.00 0.00 99.05 7913500 7845600 67900 0.01 0.06 0.02 2122968 7000284 2036 46861944 42557216 191068084 3823 3 50 5 0 1 1 1 1 1 00000036 00000000 00000002 00000012 00000000 00000000 0000003e 00000000
1346036623 10530.02 41874.09 0.00 0.48 0.08 0.20 0.01 0.00 0.00 99.05 7913500 7846104 67396 0.01 0.05 0.02 2122984 7000268 2036 46861944 42557216 191068084 3823 3 50 5 0 1 1 1 1 1 00000036 00000000 00000002 00000012 00000000 00000000 0000003e 00000000
1346036643 10550.15 41954.66 0.00 0.48 0.08 0.20 0.01 0.00 0.00 99.05 7913500 7845608 67892 0.01 0.05 0.01 2122996 7000256 2056 46861924 42557216 191068084 3823 3 50 5 0 1 1 1 1 1 00000036 00000000 00000002 00000012 00000000 00000000 0000003e 00000000
1346036664 10570.28 42034.68 0.00 0.48 0.08 0.20 0.01 0.00 0.00 99.05 7913500 7845856 67644 0.00 0.05 0.01 2123004 7000248 2064 46861916 42557216 191068084 3823 3 50 5 0 1 1 1 1 1 00000036 00000000 00000002 00000012 00000000 00000000 0000003e 00000000
1346036684 10590.41 42114.77 0.00 0.48 0.08 0.20 0.01 0.00 0.00 99.05 7913500 7845964 67536 0.00 0.04 0.01 2123028 7000224 2080 46861900 42557216 191068084 3823 3 50 5 0 1 1 1 1 1 00000036 00000000 00000002 00000012 00000000 00000000 0000003e 00000000
1346036704 10610.53 42194.84 0.00 0.48 0.08 0.20 0.01 0.00 0.00 99.05 7913500 7845708 67792 0.00 0.04 0.01 2123040 7000212 2080 46861900 42557216 191068084 3823 3 50 5 0 1 1 1 1 1 00000036 00000000 00000002 00000012 00000000 00000000 0000003e 00000000
1346036724 10630.66 42274.55 0.00 0.48 0.08 0.20 0.01 0.00 0.00 99.05 7913500 7845664 67836 0.00 0.03 0.01 2123056 7000196 2080 46861900 42557216 191068084 3823 3 50 5 0 1 1 1 1 1 00000036 00000000 00000002 00000012 00000000 00000000 0000003e 00000000
1346036744 10650.79 42354.62 0.00 0.48 0.08 0.20 0.01 0.00 0.00 99.05 7913500 7845616 67884 0.00 0.03 0.00 2123068 7000184 2080 46861900 42557216 191068084 3823 3 50 5 0 1 1 1 1 1 00000036 00000000 00000002 00000012 00000000 00000000 0000003e 00000000
1346036764 10670.92 42434.65 0.00 0.48 0.08 0.20 0.01 0.00 0.00 99.05 7913500 7845740 67760 0.15 0.06 0.01 2123072 7000180 2080 46861900 42557216 191068084 3823 3 50 5 0 1 1 1 1 1 00000036 00000000 00000002 00000012 00000000 00000000 0000003e 00000000
1346036784 10691.04 42515.12 0.00 0.48 0.08 0.20 0.01 0.00 0.00 99.05 7913500 7845972 67528 0.24 0.09 0.02 2123092 7000160 2080 46861900 42557216 191068084 3823 3 50 5 0 1 1 1 1 1 00000036 00000000 00000002 00000012 00000000 00000000 0000003e 00000000
1346036804 10711.17 42595.52 0.00 0.48 0.08 0.20 0.01 0.00 0.00 99.05 7913500 7845964 67536 0.17 0.08 0.02 2123100 7000152 2080 46861900 42557216 191068084 3823 3 50 5 0 1 1 1 1 1 00000036 00000000 00000002 00000012 00000000 00000000 0000003e 00000000
1346036825 10731.30 42676.17 0.00 0.48 0.08 0.20 0.01 0.00 0.00 99.05 7913500 7846352 67148 0.12 0.08 0.02 2123116 7000136 2080 46861900 42557216 191068084 3823 3 50 5 0 1 1 1 1 1 00000036 00000000 00000002 00000012 00000000 00000000 0000003e 00000000
1346036845 10751.43 42756.47 0.00 0.48 0.08 0.20 0.01 0.00 0.00 99.05 7913500 7845608 67892 0.15 0.08 0.02 2123132 7000120 2080 46861900 42557216 191068084 3823 3 50 5 0 1 1 1 1 1 00000036 00000000 00000002 00000012 00000000 00000000 0000003e 00000000
1346036865 10771.57 42837.08 0.00 0.48 0.08 0.20 0.01 0.00 0.00 99.05 7913500 7846228 67272 0.31 0.13 0.04 2123140 7000112 2080 46861900 42557216 191068084 3823 3 50 5 0 1 1 1 1 1 00000036 00000000 00000002 00000012 00000000 00000000 0000003e 00000000
1346036885 10791.69 42917.20 0.00 0.48 0.08 0.20 0.01 0.00 0.00 99.05 7913500 7845740 67760 0.26 0.13 0.04 2123152 7000100 2104 46861876 42557216 191068084 3823 3 50 5 0 1 1 1 1 1 00000036 00000000 00000002 00000012 00000000 00000000 0000003e 00000000
1346036905 10811.82 42996.93 0.00 0.47 0.08 0.20 0.01 0.00 0.00 99.05 7913500 7845988 67512 0.18 0.12 0.04 2123164 7000088 2104 46861876 42557216 191068084 3823 3 50 5 0 1 1 1 1 1 00000036 00000000 00000002 00000012 00000000 00000000 0000003e 00000000
1346036925 10831.95 43077.11 0.00 0.47 0.08 0.20 0.01 0.00 0.00 99.05 7913500 7845840 67660 0.13 0.11 0.03 2123180 7000072 2120 46861860 42557216 191068084 3823 3 50 5 0 1 1 1 1 1 00000036 00000000 00000002 00000012 00000000 00000000 0000003e 00000000
1346036945 10852.08 43156.81 0.00 0.47 0.08 0.20 0.01 0.00 0.00 99.05 7913500 7846328 67172 0.09 0.10 0.03 2123188 7000064 2120 46861860 42557216 191068084 3823 3 50 5 0 1 1 1 1 1 00000036 00000000 00000002 00000012 00000000 00000000 0000003e 00000000
