1346036965 10872.20 43237.03 0.00 0.47 0.08 0.20 0.01 0.00 0.00 99.05 7913500 7846220 67280 0.07 0.10 0.03 2123204 7000048 2124 46861856 42557216 191068084 3823 4 50 5 0 1 1 1 1 1 00000036 00000000 00000002 00000012 00000000 00000000 0000003e 00000000
1346036986 10892.33 43316.95 0.00 0.47 0.08 0.20 0.01 0.00 0.00 99.06 7913500 7846476 67024 0.05 0.09 0.03 2123216 7000036 2128 46861852 42557216 191068084 3823 4 50 5 0 1 1 1 1 1 00000036 00000000 00000002 00000012 00000000 00000000 0000003e 00000000
1346037006 10912.46 43397.34 0.00 0.47 0.08 0.20 0.01 0.00 0.00 99.06 7913500 7846096 67404 0.03 0.08 0.03 2123232 7000020 2128 46861852 42557216 191068084 3823 4 50 5 0 1 1 1 1 1 00000036 00000000 00000002 00000012 00000000 00000000 0000003e 00000000
1346037026 10932.59 43477.30 0.00 0.47 0.08 0.20 0.01 0.00 0.00 99.06 7913500 7846268 67232 0.02 0.08 0.02 2123240 7000012 2128 46861852 42557216 191068084 3823 4 50 5 0 1 1 1 1 1 00000036 00000000 00000002 00000012 00000000 00000000 0000003e 00000000
1346037046 10952.72 43557.43 0.00 0.47 0.08 0.20 0.01 0.00 0.00 99.06 7913500 7846476 67024 0.02 0.07 0.02 2123252 7000000 2128 46861852 42557216 191068084 3823 4 50 5 0 1 1 1 1 1 00000036 00000000 00000002 00000012 00000000 00000000 0000003e 00000000
1346037066 10972.85 43637.51 0.00 0.47 0.08 0.20 0.01 0.00 0.00 99.06 7913500 7846344 67156 0.01 0.07 0.02 2123268 6999984 2128 46861852 42557216 191068084 3823 4 50 5 0 1 1 1 1 1 00000036 00000000 00000002 00000012 00000000 00000000 0000003e 00000000
1346037086 10992.97 43717.72 0.00 0.47 0.08 0.20 0.01 0.00 0.00 99.06 7913500 7846144 67356 0.01 0.06 0.02 2123280 6999972 2128 46861852 42557216 191068084 3823 4 50 5 0 1 1 1 1 1 00000036 00000000 00000002 00000012 00000000 00000000 0000003e 00000000
1346037106 11013.09 43797.97 0.00 0.47 0.08 0.20 0.01 0.00 0.00 99.06 7913500 7846096 67404 0.29 0.12 0.04 2123292 6999960 2144 46861836 42557216 191068084 3823 4 50 5 0 1 1 1 1 1 00000036 00000000 00000002 00000012 00000000 00000000 0000003e 00000000
1346037126 11033.22 43877.84 0.00 0.47 0.08 0.20 0.01 0.00 0.00 99.06 7913500 7846352 67148 0.27 0.13 0.04 2123308 6999944 2152 46861828 42557216 191068084 3823 4 50 5 0 1 1 1 1 1 00000036 00000000 00000002 00000012 00000000 00000000 0000003e 00000000
1346037147 11053.35 43958.12 0.00 0.47 0.08 0.20 0.01 0.00 0.00 99.06 7913500 7846416 67084 0.19 0.12 0.04 2123316 6999936 2168 46861812 42557216 191068084 3823 4 50 5 0 1 1 1 1 1 00000036 00000000 00000002 00000012 00000000 00000000 0000003e 00000000
1346037167 11073.48 44038.33 0.00 0.47 0.08 0.20 0.01 0.00 0.00 99.06 7913500 7846352 67148 0.14 0.11 0.04 2123324 6999928 2168 46861812 42557216 191068084 3823 4 50 5 0 1 1 1 1 1 00000036 00000000 00000002 00000012 00000000 00000000 0000003e 00000000
1346037187 11093.60 44118.69 0.00 0.47 0.08 0.20 0.01 0.00 0.00 99.06 7913500 7846236 67264 0.10 0.10 0.04 2123344 6999908 2168 46861812 42557216 191068084 3823 4 50 5 0 1 1 1 1 1 00000036 00000000 00000002 00000012 00000000 00000000 0000003e 00000000
1346037207 11113.72 44198.85 0.00 0.47 0.08 0.20 0.01 0.00 0.00 99.06 7913500 7846476 67024 0.07 0.09 0.03 2123352 6999900 2180 46861800 42557216 191068084 3823 4 53 5 0 1 1 1 1 1 00000036 00000000 00000002 00000012 00000000 00000000 0000003e 00000000
1346037227 11133.85 44279.22 0.00 0.47 0.08 0.20 0.01 0.00 0.00 99.06 7913500 7846556 66944 0.05 0.09 0.03 2123372 6999880 2180 46861800 42557216 191068084 3823 4 53 5 0 1 1 1 1 1 00000036 00000000 00000002 00000012 00000000 00000000 0000003e 00000000
1346037247 11153.97 44359.30 0.00 0.47 0.08 0.20 0.01 0.00 0.00 99.06 7913500 7846600 66900 0.03 0.08 0.03 2123384 6999868 2188 46861792 42557216 191068084 3823 4 55 5 0 1 1 1 1 1 00000036 00000000 00000002 00000012 00000000 00000000 0000003e 00000000
1346037267 11174.10 44439.57 0.00 0.47 0.08 0.20 0.01 0.00 0.00 99.06 7913500 7846352 67148 0.02 0.07 0.03 2123392 6999860 2188 46861792 42557216 191068084 3823 4 55 5 0 1 1 1 1 1 00000036 00000000 00000002 00000012 00000000 00000000 0000003e 00000000
1346037287 11194.23 44519.89 0.00 0.47 0.08 0.20 0.01 0.00 0.00 99.06 7913500 7846724 66776 0.02 0.07 0.03 2123408 6999844 2188 46861792 42557216 191068084 3823 4 55 5 0 1 1 1 1 1 00000036 00000000 00000002 00000012 00000000 00000000 0000003e 00000000
1346037308 11214.35 44600.02 0.00 0.47 0.07 0.20 0.01 0.00 0.00 99.06 7913500 7846656 66844 0.01 0.06 0.02 2123416 6999836 2192 46861788 42557216 191068084 3823 4 55 5 0 1 1 1 1 1 00000036 00000000 00000002 00000012 00000000 00000000 0000003e 00000000
1346037328 11234.48 44680.23 0.00 0.47 0.07 0.20 0.01 0.00 0.00 99.06 7913500 7846516 66984 0.01 0.06 0.02 2123432 6999820 2192 46861788 42557216 191068084 3823 4 55 5 0 1 1 1 1 1 00000036 00000000 00000002 00000012 00000000 00000000 0000003e 00000000
1346037348 11254.61 44760.34 0.00 0.47 0.07 0.20 0.01 0.00 0.00 99.06 7913500 7846392 67108 0.00 0.05 0.02 2123444 6999808 2192 46861788 42557216 191068084 3823 4 55 5 0 1 1 1 1 1 00000036 00000000 00000002 00000012 00000000 00000000 0000003e 00000000
1346037368 11274.74 44840.99 0.00 0.47 0.07 0.20 0.01 0.00 0.00 99.07 7913500 7846432 67068 0.00 0.05 0.02 2123456 6999796 2192 46861788 42557216 191068084 3823 4 55 5 0 1 1 1 1 1 00000036 00000000 00000002 00000012 00000000 00000000 0000003e 00000000
1346037388 11294.86 44920.94 0.00 0.47 0.07 0.20 0.01 0.00 0.00 99.07 7913500 7846376 67124 0.08 0.06 0.02 2123468 6999784 2192 46861788 42557216 191068084 3823 4 55 5 0 1 1 1 1 1 00000036 00000000 00000002 00000012 00000000 00000000 0000003e 00000000
1346037408 11314.99 45001.14 0.00 0.47 0.07 0.20 0.01 0.00 0.00 99.07 7913500 7846468 67032 0.06 0.06 0.02 2123480 6999772 2192 46861788 42557216 191068084 3823 4 55 5 0 1 1 1 1 1 00000036 00000000 00000002 00000012 00000000 00000000 0000003e 00000000
1346037428 11335.12 45081.22 0.00 0.47 0.07 0.20 0.01 0.00 0.00 99.07 7913500 7846492 67008 0.04 0.05 0.02 2123492 6999760 2216 46861764 42557216 191068084 3823 4 55 5 0 1 1 1 1 1 00000036 00000000 00000002 00000012 00000000 00000000 0000003e 00000000
1346037448 11355.25 45161.79 0.00 0.47 0.07 0.20 0.01 0.00 0.00 99.07 7913500 7846960 66540 0.03 0.05 0.02 2123504 6999748 2216 46861764 42557216 191068084 3823 4 55 5 0 1 1 1 1 1 00000036 00000000 00000002 00000012 00000000 00000000 0000003e 00000000
1346037469 11375.38 45242.01 0.00 0.47 0.07 0.20 0.01 0.00 0.00 99.07 7913500 7846608 66892 0.02 0.04 0.01 2123516 6999736 2232 46861748 42557216 191068084 3823 4 55 5 0 1 1 1 1 1 00000036 00000000 00000002 00000012 00000000 00000000 0000003e 00000000
1346037489 11395.51 45322.21 0.00 0.47 0.07 0.20 0.01 0.00 0.00 99.07 7913500 7846824 66676 0.01 0.04 0.01 2123532 6999720 2232 46861748 42557216 191068084 3823 4 55 5 0 1 1 1 1 1 00000036 00000000 00000002 00000012 00000000 00000000 0000003e 00000000
1346037509 11415.63 45402.37 0.00 0.47 0.07 0.20 0.01 0.00 0.00 99.07 7913500 7846724 66776 0.01 0.04 0.01 2123548 6999704 2232 46861748 42557216 191068084 3823 4 55 5 0 1 1 1 1 1 00000036 00000000 00000002 00000012 00000000 00000000 0000003e 00000000
1346037529 11435.76 45481.94 0.00 0.47 0.07 0.20 0.01 0.00 0.00 99.07 7913500 7846352 67148 0.00 0.03 0.01 2123560 6999692 2232 46861748 42557216 191068084 3823 4 55 5 0 1 1 1 1 1 00000036 00000000 00000002 00000012 00000000 00000000 0000003e 00000000
1346037549 11455.88 45562.15 0.00 0.47 0.07 0.20 0.01 0.00 0.00 99.07 7913500 7846848 66652 0.07 0.05 0.01 2123568 6999684 2232 46861748 42557216 191068084 3823 4 55 5 0 1 1 1 1 1 00000036 00000000 00000002 00000012 00000000 00000000 0000003e 00000000
1346037569 11476.01 45641.90 0.00 0.47 0.07 0.20 0.01 0.00 0.00 99.07 7913500 7846732 66768 0.11 0.06 0.01 2123580 6999672 2232 46861748 42557216 191068084 3823 4 55 5 0 1 1 1 1 1 00000036 00000000 00000002 00000012 00000000 00000000 0000003e 00000000
1346037589 11496.13 45722.00 0.00 0.47 0.07 0.20 0.01 0.00 0.00 99.07 7913500 7846816 66684 0.08 0.05 0.01 2123596 6999656 2232 46861748 42557216 191068084 3823 4 55 5 0 1 1 1 1 1 00000036 00000000 00000002 00000012 00000000 00000000 0000003e 00000000
1346037610 11516.26 45802.19 0.00 0.47 0.07 0.20 0.01 0.00 0.00 99.07 7913500 7846476 67024 0.06 0.05 0.01 2123604 6999648 2232 46861748 42557216 191068084 3823 4 55 5 0 1 1 1 1 1 00000036 00000000 00000002 00000012 00000000 00000000 0000003e 00000000
1346037630 11536.39 45882.69 0.00 0.47 0.07 0.20 0.01 0.00 0.00 99.07 7913500 7846592 66908 0.04 0.05 0.01 2123624 6999628 2236 46861744 42557216 191068084 3823 4 55 5 0 1 1 1 1 1 00000036 00000000 00000002 00000012 00000000 00000000 0000003e 00000000
1346037650 11556.52 45962.86 0.00 0.47 0.07 0.20 0.01 0.00 0.00 99.07 7913500 7846600 66900 0.03 0.04 0.01 2123632 6999620 2244 46861736 42557216 191068084 3823 4 55 5 0 1 1 1 1 1 00000036 00000000 00000002 00000012 00000000 00000000 0000003e 00000000
1346037670 11576.65 46043.26 0.00 0.47 0.07 0.20 0.01 0.00 0.00 99.07 7913500 7846724 66776 0.15 0.07 0.02 2123648 6999604 2260 46861720 42557216 191068084 3823 4 55 5 0 1 1 1 1 1 00000036 00000000 00000002 00000012 00000000 00000000 0000003e 00000000
1346037690 11596.77 46123.81 0.00 0.47 0.07 0.20 0.01 0.00 0.00 99.07 7913500 7846864 66636 0.11 0.06 0.01 2123656 6999596 2268 46861712 42557216 191068084 3823 4 55 5 0 1 1 1 1 1 00000036 00000000 00000002 00000012 00000000 00000000 0000003e 00000000
1346037710 11616.90 46203.80 0.00 0.47 0.07 0.20 0.01 0.00 0.00 99.07 7913500 7846824 66676 0.08 0.06 0.01 2123668 6999584 2276 46861704 42557216 191068084 3823 4 55 5 0 1 1 1 1 1 00000036 00000000 00000002 00000012 00000000 00000000 0000003e 00000000
1346037730 11637.02 46283.82 0.00 0.47 0.07 0.19 0.01 0.00 0.00 99.07 7913500 7846716 66784 0.05 0.05 0.01 2123684 6999568 2276 46861704 42557216 191068084 3823 4 55 5 0 1 1 1 1 1 00000036 00000000 00000002 00000012 00000000 00000000 0000003e 00000000
1346037750 11657.15 46363.94 0.00 0.47 0.07 0.19 0.01 0.00 0.00 99.07 7913500 7846840 66660 0.04 0.05 0.01 2123696 6999556 2276 46861704 42557216 191068084 3823 4 55 5 0 1 1 1 1 1 00000036 00000000 00000002 00000012 00000000 00000000 0000003e 00000000
1346037771 11677.28 46444.37 0.00 0.47 0.07 0.19 0.01 0.00 0.00 99.07 7913500 7846856 66644 0.03 0.05 0.01 2123712 6999540 2276 46861704 42557216 191068084 3823 4 55 5 0 1 1 1 1 1 00000036 00000000 00000002 00000012 00000000 00000000 0000003e 00000000
1346037791 11697.41 46524.40 0.00 0.47 0.07 0.19 0.01 0.00 0.00 99.08 7913500 7846856 66644 0.17 0.08 0.01 2123724 6999528 2276 46861704 42557216 191068084 3823 4 55 5 0 1 1 1 1 1 00000036 00000000 00000002 00000012 00000000 00000000 0000003e 00000000
1346037811 11717.53 46604.19 0.00 0.47 0.07 0.19 0.01 0.00 0.00 99.08 7913500 7846972 66528 0.33 0.12 0.03 2123736 6999516 2276 46861704 42557216 191068084 3823 4 55 5 0 1 1 1 1 1 00000036 00000000 00000002 00000012 00000000 00000000 0000003e 00000000
1346037831 11737.65 46684.10 0.00 0.46 0.07 0.19 0.01 0.00 0.00 99.08 7913500 7846716 66784 0.23 0.11 0.03 2123744 6999508 2276 46861704 42557216 191068084 3823 4 55 5 0 1 1 1 1 1 00000036 00000000 00000002 00000012 00000000 00000000 0000003e 00000000
1346037851 11757.78 46763.70 0.00 0.46 0.07 0.19 0.01 0.00 0.00 99.08 7913500 7847096 66404 0.16 0.10 0.02 2123760 6999492 2276 46861704 42557216 191068084 3823 4 55 5 0 1 1 1 1 1 00000036 00000000 00000002 00000012 00000000 00000000 0000003e 00000000
1346037871 11777.91 46844.02 0.00 0.46 0.07 0.19 0.01 0.00 0.00 99.08 7913500 7846592 66908 0.12 0.09 0.02 2123772 6999480 2276 46861704 42557216 191068084 3823 4 55 5 0 1 1 1 1 1 00000036 00000000 00000002 00000012 00000000 00000000 0000003e 00000000
1346037891 11798.04 46924.00 0.00 0.46 0.07 0.19 0.01 0.00 0.00 99.08 7913500 7847096 66404 0.08 0.09 0.02 2123784 6999468 2300 46861680 42557216 191068084 3823 4 55 5 0 1 1 1 1 1 00000036 00000000 00000002 00000012 00000000 00000000 0000003e 00000000
1346037911 11818.17 47004.41 0.00 0.46 0.07 0.19 0.01 0.00 0.00 99.08 7913500 7847080 66420 0.06 0.08 0.02 2123800 6999452 2300 46861680 42557216 191068084 3823 4 55 5 0 1 1 1 1 1 00000036 00000000 00000002 00000012 00000000 00000000 0000003e 00000000
1346037932 11838.29 47084.50 0.00 0.46 0.07 0.19 0.01 0.00 0.00 99.08 7913500 7847228 66272 0.04 0.07 0.02 2123812 6999440 2316 46861664 42557216 191068084 3823 4 55 5 0 1 1 1 1 1 00000036 00000000 00000002 00000012 00000000 00000000 0000003e 00000000
1346037952 11858.42 47165.36 0.00 0.46 0.07 0.19 0.01 0.00 0.00 99.08 7913500 7847352 66148 0.03 0.07 0.02 2123824 6999428 2320 46861660 42557216 191068084 3823 4 55 5 0 1 1 1 1 1 00000036 00000000 00000002 00000012 00000000 00000000 0000003e 00000000
1346037972 11878.55 47245.72 0.00 0.46 0.07 0.19 0.01 0.00 0.00 99.08 7913500 7847220 66280 0.02 0.06 0.01 2123836 6999416 2320 46861660 42557216 191068084 3823 4 55 5 0 1 1 1 1 1 00000036 00000000 00000002 00000012 00000000 00000000 0000003e 00000000
1346037992 11898.68 47325.85 0.00 0.46 0.07 0.19 0.01 0.00 0.00 99.08 7913500 7847344 66156 0.01 0.06 0.01 2123848 6999404 2320 46861660 42557216 191068084 3823 4 55 5 0 1 1 1 1 1 00000036 00000000 00000002 00000012 00000000 00000000 0000003e 00000000
1346038012 11918.81 47406.49 0.00 0.46 0.07 0.19 0.01 0.00 0.00 99.08 7913500 7847220 66280 0.07 0.07 0.01 2123856 6999396 2320 46861660 42557216 191068084 3823 4 55 5 0 1 1 1 1 1 00000036 00000000 00000002 00000012 00000000 00000000 0000003e 00000000
1346038032 11938.93 47486.29 0.00 0.46 0.07 0.19 0.01 0.00 0.00 99.08 7913500 7847212 66288 0.39 0.14 0.04 2123876 6999376 2320 46861660 42557216 191068084 3823 4 55 5 0 1 1 1 1 1 00000036 00000000 00000002 00000012 00000000 00000000 0000003e 00000000
1346038052 11959.06 47567.01 0.00 0.46 0.07 0.19 0.01 0.00 0.00 99.08 7913500 7846716 66784 0.28 0.13 0.04 2123888 6999364 2320 46861660 42557216 191068084 3823 4 55 5 0 1 1 1 1 1 00000037 00000000 00000000 00000012 00000000 00000000 00000040 00000000
1346038072 11979.19 47642.40 0.00 0.47 0.07 0.19 0.01 0.00 0.00 99.07 7913500 7833740 79760 0.20 0.12 0.04 2123924 6999328 2320 46861660 44769312 188855988 4023 4 55 5 0 1 1 1 1 1 00000039 00000000 00000000 00000013 00000000 00000000 00000042 00000000
1346038093 11999.34 47718.14 0.00 0.47 0.08 0.19 0.01 0.00 0.00 99.06 7913500 7822240 91260 0.28 0.15 0.04 2123952 6999300 2320 46861660 46792432 186832868 4204 4 55 5 0 1 1 1 1 1 0000003b 00000001 00000001 00000013 000000b6 00000000 00000044 00000000
1346038113 12019.47 47793.80 0.00 0.48 0.08 0.19 0.01 0.00 0.00 99.05 7913500 7838556 74944 0.50 0.20 0.06 2123988 6999264 2328 46861652 49137916 184487384 4415 4 55 5 0 1 1 1 1 1 0000003e 00000001 00000002 00000014 00000060 00000000 00000047 00000000
1346038133 12039.61 47872.59 0.00 0.48 0.08 0.19 0.01 0.00 0.00 99.05 7913500 7822616 90884 0.36 0.19 0.06 2124008 6999244 2344 46861636 49649256 183976044 4461 4 55 5 0 1 1 1 1 1 0000003f 00000000 00000002 00000015 00000000 00000000 00000048 00000000
1346038153 12059.74 47952.65 0.00 0.48 0.08 0.19 0.01 0.00 0.00 99.05 7913500 7822996 90504 0.33 0.19 0.06 2124016 6999236 2352 46861628 49649256 183976044 4461 4 55 5 0 1 1 1 1 1 0000003f 00000000 00000002 00000015 00000000 00000000 00000048 00000000
1346038173 12079.87 48032.44 0.00 0.48 0.08 0.19 0.01 0.00 0.00 99.05 7913500 7823244 90256 0.24 0.18 0.06 2124028 6999224 2360 46861620 49649256 183976044 4461 4 55 5 0 1 1 1 1 1 0000003f 00000000 00000002 00000015 00000000 00000000 00000048 00000000
1346038193 12100.00 48112.67 0.00 0.48 0.08 0.19 0.01 0.00 0.00 99.05 7913500 7822888 90612 0.17 0.16 0.06 2124044 6999208 2360 46861620 49649256 183976044 4461 4 55 5 0 1 1 1 1 1 0000003f 00000000 00000002 00000015 00000000 00000000 00000048 00000000
1346038213 12120.14 48193.01 0.00 0.48 0.08 0.19 0.01 0.00 0.00 99.05 7913500 7823516 89984 0.12 0.15 0.06 2124056 6999196 2372 46861608 49649256 183976044 4461 4 58 5 0 1 1 1 1 1 0000003f 00000000 00000002 00000015 00000000 00000000 00000048 00000000
1346038234 12140.27 48273.29 0.00 0.48 0.08 0.19 0.01 0.00 0.00 99.05 7913500 7823268 90232 0.09 0.14 0.06 2124072 6999180 2372 46861608 49649256 183976044 4461 4 58 5 0 1 1 1 1 1 0000003f 00000000 00000002 00000015 00000000 00000000 00000048 00000000
1346038254 12160.40 48353.65 0.00 0.48 0.08 0.19 0.01 0.00 0.00 99.05 7913500 7823360 90140 0.06 0.13 0.06 2124088 6999164 2380 46861600 49649256 183976044 4461 4 60 5 0 1 1 1 1 1 0000003f 00000000 00000002 00000015 00000000 00000000 00000048 00000000
1346038274 12180.53 48433.80 0.00 0.48 0.08 0.19 0.01 0.00 0.00 99.05 7913500 7823492 90008 0.04 0.12 0.05 2124100 6999152 2380 46861600 49649256 183976044 4461 4 60 5 0 1 1 1 1 1 0000003f 00000000 00000002 00000015 00000000 00000000 00000048 00000000
1346038294 12200.66 48513.88 0.00 0.48 0.08 0.19 0.01 0.00 0.00 99.05 7913500 7823608 89892 0.03 0.11 0.05 2124120 6999132 2384 46861596 49649256 183976044 4461 4 60 5 0 1 1 1 1 1 0000003f 00000000 00000002 00000015 00000000 00000000 00000048 00000000
1346038314 12220.79 48593.89 0.00 0.48 0.08 0.19 0.01 0.00 0.00 99.05 7913500 7823368 90132 0.02 0.11 0.05 2124136 6999116 2384 46861596 49649256 183976044 4461 4 60 5 0 1 1 1 1 1 0000003f 00000000 00000002 00000015 00000000 00000000 00000048 00000000
1346038334 12240.92 48674.28 0.00 0.48 0.08 0.19 0.01 0.00 0.00 99.05 7913500 7823740 89760 0.01 0.10 0.05 2124152 6999100 2384 46861596 49649256 183976044 4461 4 60 5 0 1 1 1 1 1 0000003f 00000000 00000002 00000015 00000000 00000000 00000048 00000000
1346038354 12261.05 48754.59 0.00 0.48 0.08 0.19 0.01 0.00 0.00 99.05 7913500 7823244 90256 0.01 0.09 0.05 2124168 6999084 2384 46861596 49649256 183976044 4461 4 60 5 0 1 1 1 1 1 0000003f 00000000 00000002 00000015 00000000 00000000 00000048 00000000
1346038374 12281.18 48835.23 0.00 0.48 0.08 0.19 0.01 0.00 0.00 99.05 7913500 7823236 90264 0.01 0.08 0.04 2124180 6999072 2384 46861596 49649256 183976044 4461 4 60 5 0 1 1 1 1 1 0000003f 00000000 00000002 00000015 00000000 00000000 00000048 00000000
1346038395 12301.31 48915.33 0.00 0.48 0.08 0.19 0.01 0.00 0.00 99.05 7913500 7823616 89884 0.00 0.08 0.04 2124196 6999056 2384 46861596 49649256 183976044 4461 4 60 5 0 1 1 1 1 1 0000003f 00000000 00000002 00000015 00000000 00000000 00000048 00000000
1346038415 12321.44 48995.91 0.00 0.48 0.08 0.19 0.01 0.00 0.00 99.05 7913500 7823236 90264 0.00 0.07 0.04 2124212 6999040 2384 46861596 49649256 183976044 4461 4 60 5 0 1 1 1 1 1 0000003f 00000000 00000002 00000015 00000000 00000000 00000048 00000000
1346038435 12341.57 49076.24 0.00 0.48 0.08 0.19 0.01 0.00 0.00 99.05 7913500 7822352 91148 0.00 0.07 0.04 2124232 6999020 2408 46861572 49649256 183976044 4461 4 60 5 0 1 1 1 1 1 0000003f 00000000 00000002 00000015 00000000 00000000 00000048 00000000
1346038455 12361.70 49156.62 0.00 0.48 0.08 0.19 0.01 0.00 0.00 99.06 7913500 7822500 91000 0.00 0.06 0.04 2124240 6999012 2408 46861572 49649256 183976044 4461 4 60 5 0 1 1 1 1 1 0000003f 00000000 00000002 00000015 00000000 00000000 00000048 00000000
1346038475 12381.84 49236.73 0.00 0.48 0.08 0.19 0.01 0.00 0.00 99.06 7913500 7822980 90520 0.08 0.07 0.04 2124260 6998992 2424 46861556 49649256 183976044 4461 4 60 5 0 1 1 1 1 1 0000003f 00000000 00000002 00000015 00000000 00000000 00000048 00000000
1346038495 12401.97 49316.96 0.00 0.48 0.08 0.19 0.01 0.00 0.00 99.06 7913500 7822724 90776 0.34 0.13 0.06 2124272 6998980 2424 46861556 49649256 183976044 4461 4 60 5 0 1 1 1 1 1 0000003f 00000000 00000002 00000015 00000000 00000000 00000048 00000000
1346038515 12422.10 49397.06 0.00 0.48 0.08 0.19 0.01 0.00 0.00 99.06 7913500 7823152 90348 0.24 0.12 0.06 2124288 6998964 2424 46861556 49649256 183976044 4461 4 60 5 0 1 1 1 1 1 0000003f 00000000 00000002 00000015 00000000 00000000 00000048 00000000
1346038535 12442.23 49477.55 0.00 0.48 0.08 0.19 0.01 0.00 0.00 99.06 7913500 7822996 90504 0.17 0.11 0.05 2124312 6998940 2424 46861556 49649256 183976044 4461 4 60 5 0 1 1 1 1 1 0000003f 00000000 00000002 00000015 00000000 00000000 00000048 00000000
1346038556 12462.36 49558.08 0.00 0.48 0.08 0.19 0.01 0.00 0.00 99.06 7913500 7823360 90140 0.12 0.11 0.05 2124320 6998932 2424 46861556 49649256 183976044 4461 4 60 5 0 1 1 1 1 1 0000003f 00000000 00000002 00000015 00000000 00000000 00000048 00000000
1346038576 12482.49 49638.28 0.00 0.48 0.08 0.19 0.01 0.00 0.00 99.06 7913500 7822980 90520 0.09 0.10 0.05 2124336 6998916 2424 46861556 49649256 183976044 4461 4 60 5 0 1 1 1 1 1 0000003f 00000000 00000002 00000015 00000000 00000000 00000048 00000000
1346038596 12502.62 49718.32 0.00 0.48 0.08 0.19 0.01 0.00 0.00 99.06 7913500 7823260 90240 0.06 0.09 0.05 2124352 6998900 2424 46861556 49649256 183976044 4461 4 60 5 0 1 1 1 1 1 0000003f 00000000 00000002 00000015 00000000 00000000 00000048 00000000
1346038616 12522.75 49798.32 0.00 0.48 0.08 0.19 0.01 0.00 0.00 99.06 7913500 7823748 89752 0.04 0.08 0.05 2124368 6998884 2428 46861552 49649256 183976044 4461 4 60 5 0 1 1 1 1 1 0000003f 00000000 00000002 00000015 00000000 00000000 00000048 00000000
1346038636 12542.87 49879.10 0.00 0.48 0.08 0.19 0.01 0.00 0.00 99.06 7913500 7823500 90000 0.03 0.08 0.04 2124384 6998868 2428 46861552 49649256 183976044 4461 4 60 5 0 1 1 1 1 1 0000003f 00000000 00000002 00000015 00000000 00000000 00000048 00000000
1346038656 12563.00 49959.68 0.00 0.48 0.08 0.19 0.01 0.00 0.00 99.06 7913500 7823624 89876 0.02 0.07 0.04 2124400 6998852 2436 46861544 49649256 183976044 4461 4 60 5 0 1 1 1 1 1 0000003f 00000000 00000002 00000015 00000000 00000000 00000048 00000000
1346038676 12583.14 50039.71 0.00 0.47 0.08 0.19 0.01 0.00 0.00 99.06 7913500 7823392 90108 0.01 0.07 0.04 2124412 6998840 2452 46861528 49649256 183976044 4461 4 60 5 0 1 1 1 1 1 0000003f 00000000 00000002 00000015 00000000 00000000 00000048 00000000
1346038697 12603.27 50120.16 0.00 0.47 0.08 0.19 0.01 0.00 0.00 99.06 7913500 7823244 90256 0.01 0.06 0.04 2124432 6998820 2460 46861520 49649256 183976044 4461 4 60 5 0 1 1 1 1 1 0000003f 00000000 00000002 00000015 00000000 00000000 00000048 00000000
1346038717 12623.40 50200.11 0.00 0.47 0.08 0.19 0.01 0.00 0.00 99.06 7913500 7823376 90124 0.01 0.06 0.04 2124444 6998808 2468 46861512 49649256 183976044 4461 4 60 5 0 1 1 1 1 1 0000003f 00000000 00000002 00000015 00000000 00000000 00000048 00000000
1346038737 12643.53 50280.89 0.00 0.47 0.08 0.19 0.01 0.00 0.00 99.06 7913500 7823252 90248 0.00 0.05 0.04 2124460 6998792 2468 46861512 49649256 183976044 4461 4 60 5 0 1 1 1 1 1 0000003f 00000000 00000002 00000015 00000000 00000000 00000048 00000000
1346038757 12663.66 50360.61 0.00 0.47 0.08 0.19 0.01 0.00 0.00 99.06 7913500 7823500 90000 0.00 0.05 0.03 2124480 6998772 2468 46861512 49649256 183976044 4461 4 60 5 0 1 1 1 1 1 0000003f 00000000 00000002 00000015 00000000 00000000 00000048 00000000
1346038777 12683.79 50440.65 0.00 0.47 0.08 0.19 0.01 0.00 0.00 99.06 7913500 7823200 90300 0.00 0.04 0.03 2124488 6998764 2468 46861512 49649256 183976044 4461 4 60 5 0 1 1 1 1 1 0000003f 00000000 00000002 00000015 00000000 00000000 00000048 00000000
1346038797 12703.92 50521.01 0.00 0.47 0.08 0.19 0.01 0.00 0.00 99.06 7913500 7823368 90132 0.00 0.04 0.03 2124508 6998744 2468 46861512 49649256 183976044 4461 4 60 5 0 1 1 1 1 1 0000003f 00000000 00000002 00000015 00000000 00000000 00000048 00000000
1346038817 12724.05 50601.00 0.00 0.47 0.08 0.19 0.01 0.00 0.00 99.06 7913500 7823392 90108 0.00 0.04 0.03 2124520 6998732 2468 46861512 49649256 183976044 4461 4 60 5 0 1 1 1 1 1 0000003f 00000000 00000002 00000015 00000000 00000000 00000048 00000000
1346038837 12744.18 50681.51 0.00 0.47 0.08 0.19 0.01 0.00 0.00 99.06 7913500 7823516 89984 0.00 0.03 0.03 2124540 6998712 2468 46861512 49649256 183976044 4461 4 60 5 0 1 1 1 1 1 0000003f 00000000 00000002 00000015 00000000 00000000 00000048 00000000
1346038858 12764.31 50762.01 0.00 0.47 0.08 0.19 0.01 0.00 0.00 99.06 7913500 7823608 89892 0.00 0.03 0.02 2124552 6998700 2468 46861512 49649256 183976044 4461 4 60 5 0 1 1 1 1 1 0000003f 00000000 00000002 00000015 00000000 00000000 00000048 00000000
1346038878 12784.44 50842.71 0.00 0.47 0.08 0.19 0.01 0.00 0.00 99.06 7913500 7823864 89636 0.00 0.03 0.02 2124568 6998684 2468 46861512 49649256 183976044 4461 4 60 5 0 1 1 1 1 1 0000003f 00000000 00000002 00000015 00000000 00000000 00000048 00000000
1346038898 12804.57 50922.80 0.00 0.47 0.08 0.19 0.01 0.00 0.00 99.06 7913500 7823872 89628 0.00 0.02 0.02 2124584 6998668 2484 46861496 49649256 183976044 4461 4 60 5 0 1 1 1 1 1 0000003f 00000000 00000002 00000015 00000000 00000000 00000048 00000000
1346038918 12824.70 51003.43 0.00 0.47 0.08 0.19 0.01 0.00 0.00 99.06 7913500 7823252 90248 0.00 0.02 0.02 2124600 6998652 2492 46861488 49649256 183976044 4461 4 60 5 0 1 1 1 1 1 0000003f 00000000 00000002 00000015 00000000 00000000 00000048 00000000
1346038938 12844.83 51083.75 0.00 0.47 0.08 0.19 0.01 0.00 0.00 99.06 7913500 7823432 90068 0.00 0.02 0.02 2124620 6998632 2512 46861468 49649256 183976044 4461 4 60 5 0 1 1 1 1 1 0000003f 00000000 00000002 00000015 00000000 00000000 00000048 00000000
1346038958 12864.96 51164.16 0.00 0.47 0.08 0.19 0.01 0.00 0.00 99.07 7913500 7823904 89596 0.15 0.05 0.02 2124628 6998624 2512 46861468 49649256 183976044 4461 4 60 5 0 1 1 1 1 1 0000003f 00000000 00000002 00000015 00000000 00000000 00000048 00000000
1346038978 12885.10 51244.60 0.00 0.47 0.07 0.19 0.01 0.00 0.00 99.07 7913500 7823872 89628 0.11 0.05 0.02 2124648 6998604 2512 46861468 49649256 183976044 4461 4 60 5 0 1 1 1 1 1 0000003f 00000000 00000002 00000015 00000000 00000000 00000048 00000000
1346038998 12905.23 51324.63 0.00 0.47 0.07 0.19 0.01 0.00 0.00 99.07 7913500 7824160 89340 0.08 0.04 0.02 2124660 6998592 2512 46861468 49649256 183976044 4461 4 60 5 0 1 1 1 1 1 0000003f 00000000 00000002 00000015 00000000 00000000 00000048 00000000
1346039019 12925.36 51405.09 0.00 0.47 0.07 0.19 0.01 0.00 0.00 99.07 7913500 7823996 89504 0.05 0.04 0.02 2124676 6998576 2512 46861468 49649256 183976044 4461 4 60 5 0 1 1 1 1 1 0000003f 00000000 00000002 00000015 00000000 00000000 00000048 00000000
1346039039 12945.49 51485.41 0.00 0.47 0.07 0.19 0.01 0.00 0.00 99.07 7913500 7824260 89240 0.04 0.04 0.02 2124692 6998560 2512 46861468 49649256 183976044 4461 4 60 5 0 1 1 1 1 1 0000003f 00000000 00000002 00000015 00000000 00000000 00000048 00000000
1346039059 12965.62 51565.98 0.00 0.47 0.07 0.19 0.01 0.00 0.00 99.07 7913500 7824224 89276 0.03 0.03 0.01 2124708 6998544 2512 46861468 49649256 183976044 4461 4 60 5 0 1 1 1 1 1 0000003f 00000000 00000002 00000015 00000000 00000000 00000048 00000000
1346039079 12985.76 51645.95 0.00 0.47 0.07 0.19 0.01 0.00 0.00 99.07 7913500 7824392 89108 0.02 0.03 0.01 2124720 6998532 2512 46861468 49649256 183976044 4461 4 60 5 0 1 1 1 1 1 0000003f 00000000 00000002 00000015 00000000 00000000 00000048 00000000
1346039099 13005.89 51726.66 0.00 0.47 0.07 0.19 0.01 0.00 0.00 99.07 7913500 7824008 89492 0.01 0.03 0.01 2124740 6998512 2512 46861468 49649256 183976044 4461 4 60 5 0 1 1 1 1 1 0000003f 00000000 00000002 00000015 00000000 00000000 00000048 00000000
1346039119 13026.02 51806.84 0.00 0.47 0.07 0.19 0.01 0.00 0.00 99.07 7913500 7824424 89076 0.07 0.04 0.01 2124752 6998500 2512 46861468 49649256 183976044 4461 4 60 5 0 1 1 1 1 1 0000003f 00000000 00000002 00000015 00000000 00000000 00000048 00000000
1346039139 13046.15 51887.04 0.00 0.47 0.07 0.19 0.01 0.00 0.00 99.07 7913500 7824028 89472 0.39 0.12 0.04 2124768 6998484 2536 46861444 49649256 183976044 4461 4 60 5 0 1 1 1 1 1 0000003f 00000000 00000002 00000015 00000000 00000000 00000048 00000000
1346039160 13066.28 51967.62 0.00 0.47 0.07 0.19 0.01 0.00 0.00 99.07 7913500 7824036 89464 0.28 0.11 0.04 2124788 6998464 2544 46861436 49649256 183976044 4461 4 60 5 0 1 1 1 1 1 0000003f 00000000 00000002 00000015 00000000 00000000 00000048 00000000
1346039180 13086.41 52048.01 0.00 0.47 0.07 0.19 0.01 0.00 0.00 99.07 7913500 7824292 89208 0.41 0.15 0.05 2124796 6998456 2552 46861428 49649256 183976044 4461 4 60 5 0 1 1 1 1 1 0000003f 00000000 00000002 00000015 00000000 00000000 00000048 00000000
1346039200 13106.54 52128.55 0.00 0.47 0.07 0.19 0.01 0.00 0.00 99.07 7913500 7824588 88912 0.29 0.14 0.05 2124820 6998432 2552 46861428 49649256 183976044 4461 4 60 5 0 1 1 1 1 1 0000003f 00000000 00000002 00000015 00000000 00000000 00000048 00000000
1346039220 13126.67 52208.55 0.00 0.47 0.07 0.19 0.01 0.00 0.00 99.07 7913500 7824364 89136 0.21 0.13 0.05 2124832 6998420 2560 46861420 49649256 183976044 4461 4 62 5 0 1 1 1 1 1 0000003f 00000000 00000002 00000015 00000000 00000000 00000048 00000000
1346039240 13146.80 52288.93 0.00 0.47 0.07 0.19 0.01 0.00 0.00 99.07 7913500 7823628 89872 0.15 0.12 0.04 2124848 6998404 2564 46861416 49649256 183976044 4461 4 63 5 0 1 1 1 1 1 0000003f 00000000 00000002 00000015 00000000 00000000 00000048 00000000
1346039260 13166.94 52369.35 0.00 0.47 0.07 0.19 0.01 0.00 0.00 99.07 7913500 7823500 90000 0.11 0.11 0.04 2124860 6998392 2572 46861408 49649256 183976044 4461 4 64 5 0 1 1 1 1 1 0000003f 00000000 00000002 00000015 00000000 00000000 00000048 00000000
1346039280 13187.07 52449.40 0.00 0.47 0.07 0.19 0.01 0.00 0.00 99.07 7913500 7823872 89628 0.08 0.10 0.04 2124872 6998380 2576 46861404 49649256 183976044 4461 4 65 5 0 1 1 1 1 1 0000003f 00000000 00000002 00000015 00000000 00000000 00000048 00000000
1346039300 13207.20 52529.92 0.00 0.47 0.07 0.19 0.01 0.00 0.00 99.07 7913500 7824136 89364 0.05 0.10 0.04 2124884 6998368 2576 46861404 49649256 183976044 4461 4 65 5 0 1 1 1 1 1 0000003f 00000000 00000002 00000015 00000000 00000000 00000048 00000000
1346039321 13227.33 52610.12 0.00 0.47 0.07 0.19 0.01 0.00 0.00 99.07 7913500 7824112 89388 0.04 0.09 0.04 2124900 6998352 2576 46861404 49649256 183976044 4461 4 65 5 0 1 1 1 1 1 0000003f 00000000 00000002 00000015 00000000 00000000 00000048 00000000
1346039341 13247.46 52690.59 0.00 0.47 0.07 0.19 0.01 0.00 0.00 99.07 7913500 7823980 89520 0.03 0.08 0.04 2124912 6998340 2576 46861404 49649256 183976044 4461 4 65 5 0 1 1 1 1 1 0000003f 00000000 00000002 00000015 00000000 00000000 00000048 00000000
1346039361 13267.58 52770.51 0.00 0.47 0.07 0.19 0.01 0.00 0.00 99.07 7913500 7824392 89108 0.02 0.08 0.03 2124920 6998332 2576 46861404 49649256 183976044 4461 4 65 5 0 1 1 1 1 1 0000003f 00000000 00000002 00000015 00000000 00000000 00000048 00000000
1346039381 13287.71 52851.01 0.00 0.47 0.07 0.19 0.01 0.00 0.00 99.07 7913500 7824252 89248 0.01 0.07 0.03 2124932 6998320 2576 46861404 49649256 183976044 4461 4 65 5 0 1 1 1 1 1 0000003f 00000000 00000002 00000015 00000000 00000000 00000048 00000000
1346039401 13307.84 52931.20 0.00 0.47 0.07 0.19 0.01 0.00 0.00 99.07 7913500 7824508 88992 0.01 0.06 0.03 2124948 6998304 2576 46861404 49649256 183976044 4461 4 65 5 0 1 1 1 1 1 0000003f 00000000 00000002 00000015 00000000 00000000 00000048 00000000
1346039421 13327.98 53011.49 0.00 0.47 0.07 0.19 0.01 0.00 0.00 99.08 7913500 7824772 88728 0.00 0.06 0.03 2124960 6998292 2576 46861404 49649256 183976044 4461 4 65 5 0 1 1 1 1 1 0000003f 00000000 00000002 00000015 00000000 00000000 00000048 00000000
1346039441 13348.11 53091.94 0.00 0.47 0.07 0.19 0.01 0.00 0.00 99.08 7913500 7824624 88876 0.00 0.05 0.03 2124976 6998276 2592 46861388 49649256 183976044 4461 4 65 5 0 1 1 1 1 1 0000003f 00000000 00000002 00000015 00000000 00000000 00000048 00000000
1346039461 13368.24 53172.05 0.00 0.47 0.07 0.19 0.01 0.00 0.00 99.08 7913500 7824500 89000 0.08 0.07 0.03 2124988 6998264 2600 46861380 49649256 183976044 4461 4 65 5 0 1 1 1 1 1 0000003f 00000000 00000002 00000015 00000000 00000000 00000048 00000000
1346039482 13388.36 53252.34 0.00 0.47 0.07 0.19 0.01 0.00 0.00 99.08 7913500 7824640 88860 0.19 0.09 0.04 2125004 6998248 2608 46861372 49649256 183976044 4461 4 65 5 0 1 1 1 1 1 0000003f 00000000 00000002 00000015 00000000 00000000 00000048 00000000
1346039502 13408.49 53332.18 0.00 0.47 0.07 0.19 0.01 0.00 0.00 99.08 7913500 7824624 88876 0.13 0.09 0.04 2125012 6998240 2616 46861364 49649256 183976044 4461 4 65 5 0 1 1 1 1 1 0000003f 00000000 00000002 00000015 00000000 00000000 00000048 00000000
1346039522 13428.62 53412.58 0.00 0.47 0.07 0.19 0.01 0.00 0.00 99.08 7913500 7824640 88860 0.09 0.08 0.03 2125020 6998232 2616 46861364 49649256 183976044 4461 4 65 5 0 1 1 1 1 1 0000003f 00000000 00000002 00000015 00000000 00000000 00000048 00000000
1346039542 13448.75 53492.88 0.00 0.47 0.07 0.19 0.01 0.00 0.00 99.08 7913500 7824764 88736 0.07 0.07 0.03 2125040 6998212 2616 46861364 49649256 183976044 4461 4 65 5 0 1 1 1 1 1 0000003f 00000000 00000002 00000015 00000000 00000000 00000048 00000000
1346039562 13468.88 53573.57 0.00 0.47 0.07 0.19 0.01 0.00 0.00 99.08 7913500 7824640 88860 0.05 0.07 0.03 2125048 6998204 2616 46861364 49649256 183976044 4461 4 65 5 0 1 1 1 1 1 0000003f 00000000 00000002 00000015 00000000 00000000 00000048 00000000
1346039582 13489.01 53653.64 0.00 0.47 0.07 0.19 0.01 0.00 0.00 99.08 7913500 7824740 88760 0.03 0.06 0.03 2125064 6998188 2616 46861364 49649256 183976044 4461 4 65 5 0 1 1 1 1 1 0000003f 00000000 00000002 00000015 00000000 00000000 00000048 00000000
1346039602 13509.14 53733.82 0.00 0.47 0.07 0.19 0.01 0.00 0.00 99.08 7913500 7824904 88596 0.02 0.06 0.03 2125080 6998172 2620 46861360 49649256 183976044 4461 4 65 5 0 1 1 1 1 1 0000003f 00000000 00000002 00000015 00000000 00000000 00000048 00000000
1346039623 13529.28 53814.03 0.00 0.47 0.07 0.19 0.01 0.00 0.00 99.08 7913500 7824648 88852 0.02 0.05 0.02 2125088 6998164 2620 46861360 49649256 183976044 4461 4 65 5 0 1 1 1 1 1 0000003f 00000000 00000002 00000015 00000000 00000000 00000048 00000000
1346039643 13549.41 53894.13 0.00 0.47 0.07 0.19 0.01 0.00 0.00 99.08 7913500 7824624 88876 0.01 0.05 0.02 2125100 6998152 2620 46861360 49649256 183976044 4461 4 65 5 0 1 1 1 1 1 0000003f 00000000 00000002 00000015 00000000 00000000 00000048 00000000
1346039663 13569.54 53974.53 0.00 0.47 0.07 0.19 0.01 0.00 0.00 99.08 7913500 7824640 88860 0.01 0.05 0.02 2125112 6998140 2620 46861360 49649256 183976044 4461 4 65 5 0 1 1 1 1 1 0000003f 00000000 00000002 00000015 00000000 00000000 00000048 00000000
1346039683 13589.66 54054.38 0.00 0.47 0.07 0.19 0.01 0.00 0.00 99.08 7913500 7825136 88364 0.00 0.04 0.02 2125128 6998124 2644 46861336 49649256 183976044 4461 4 65 5 0 1 1 1 1 1 0000003f 00000000 00000002 00000015 00000000 00000000 00000048 00000000
1346039703 13609.79 54134.27 0.00 0.47 0.07 0.19 0.01 0.00 0.00 99.08 7913500 7824516 88984 0.00 0.04 0.02 2125140 6998112 2652 46861328 49649256 183976044 4461 4 65 5 0 1 1 1 1 1 0000003f 00000000 00000002 00000015 00000000 00000000 00000048 00000000
1346039723 13629.92 54214.13 0.00 0.47 0.07 0.19 0.01 0.00 0.00 99.08 7913500 7824896 88604 0.00 0.03 0.01 2125152 6998100 2660 46861320 49649256 183976044 4461 4 65 5 0 1 1 1 1 1 0000003f 00000000 00000002 00000015 00000000 00000000 00000048 00000000
1346039743 13650.05 54294.33 0.00 0.47 0.07 0.19 0.01 0.00 0.00 99.08 7913500 7824508 88992 0.00 0.03 0.01 2125164 6998088 2660 46861320 49649256 183976044 4461 4 65 5 0 1 1 1 1 1 0000003f 00000000 00000002 00000015 00000000 00000000 00000048 00000000
1346039763 13670.18 54374.49 0.00 0.47 0.07 0.19 0.01 0.00 0.00 99.08 7913500 7824904 88596 0.00 0.03 0.01 2125180 6998072 2660 46861320 49649256 183976044 4461 4 65 5 0 1 1 1 1 1 0000003f 00000000 00000002 00000015 00000000 00000000 00000048 00000000
1346039784 13690.31 54454.78 0.00 0.47 0.07 0.19 0.01 0.00 0.00 99.08 7913500 7824888 88612 0.00 0.03 0.01 2125188 6998064 2660 46861320 49649256 183976044 4461 4 65 5 0 1 1 1 1 1 0000003f 00000000 00000002 00000015 00000000 00000000 00000048 00000000
1346039804 13710.44 54535.17 0.00 0.47 0.07 0.19 0.01 0.00 0.00 99.08 7913500 7824888 88612 0.00 0.02 0.01 2125200 6998052 2660 46861320 49649256 183976044 4461 4 65 5 0 1 1 1 1 1 0000003f 00000000 00000002 00000015 00000000 00000000 00000048 00000000
1346039824 13730.57 54615.34 0.00 0.47 0.07 0.19 0.01 0.00 0.00 99.08 7913500 7825004 88496 0.00 0.02 0.00 2125216 6998036 2660 46861320 49649256 183976044 4461 4 65 5 0 1 1 1 1 1 0000003f 00000000 00000002 00000015 00000000 00000000 00000048 00000000
1346039844 13750.70 54695.68 0.00 0.47 0.07 0.19 0.01 0.00 0.00 99.08 7913500 7824888 88612 0.00 0.02 0.00 2125228 6998024 2660 46861320 49649256 183976044 4461 4 65 5 0 1 1 1 1 1 0000003f 00000000 00000002 00000015 00000000 00000000 00000048 00000000
1346039864 13770.83 54775.56 0.00 0.46 0.07 0.19 0.01 0.00 0.00 99.08 7913500 7825384 88116 0.15 0.05 0.01 2125240 6998012 2660 46861320 49649256 183976044 4461 4 65 5 0 1 1 1 1 1 0000003f 00000000 00000002 00000015 00000000 00000000 00000048 00000000
1346039884 13790.96 54855.95 0.00 0.46 0.07 0.19 0.01 0.00 0.00 99.08 7913500 7824888 88612 0.17 0.06 0.01 2125256 6997996 2660 46861320 49649256 183976044 4461 4 65 5 0 1 1 1 1 1 0000003f 00000000 00000002 00000015 00000000 00000000 00000048 00000000
1346039904 13811.09 54935.93 0.00 0.46 0.07 0.19 0.01 0.00 0.00 99.08 7913500 7825136 88364 0.12 0.06 0.01 2125268 6997984 2676 46861304 49649256 183976044 4461 4 65 5 0 1 1 1 1 1 0000003f 00000000 00000002 00000015 00000000 00000000 00000048 00000000
1346039924 13831.22 55016.13 0.00 0.46 0.07 0.19 0.01 0.00 0.00 99.08 7913500 7824888 88612 0.09 0.05 0.01 2125272 6997980 2688 46861292 49649256 183976044 4461 4 65 5 0 1 1 1 1 1 0000003f 00000000 00000002 00000015 00000000 00000000 00000048 00000000
1346039945 13851.35 55096.42 0.00 0.46 0.07 0.19 0.01 0.00 0.00 99.08 7913500 7825012 88488 0.06 0.05 0.01 2125292 6997960 2696 46861284 49649256 183976044 4461 4 65 5 0 1 1 1 1 1 0000003f 00000000 00000002 00000015 00000000 00000000 00000048 00000000
1346039965 13871.48 55176.56 0.00 0.46 0.07 0.19 0.01 0.00 0.00 99.08 7913500 7825384 88116 0.04 0.04 0.01 2125300 6997952 2704 46861276 49649256 183976044 4461 4 65 5 0 1 1 1 1 1 0000003f 00000000 00000002 00000015 00000000 00000000 00000048 00000000
1346039985 13891.61 55256.99 0.00 0.46 0.07 0.19 0.01 0.00 0.00 99.08 7913500 7824872 88628 0.03 0.04 0.00 2125320 6997932 2704 46861276 49649256 183976044 4461 4 65 5 0 1 1 1 1 1 0000003f 00000000 00000002 00000015 00000000 00000000 00000048 00000000
1346040005 13911.74 55337.04 0.00 0.46 0.07 0.19 0.01 0.00 0.00 99.09 7913500 7825136 88364 0.02 0.04 0.00 2125332 6997920 2704 46861276 49649256 183976044 4461 4 65 5 0 1 1 1 1 1 0000003f 00000000 00000002 00000015 00000000 00000000 00000048 00000000
1346040025 13931.87 55416.88 0.00 0.46 0.07 0.19 0.01 0.00 0.00 99.09 7913500 7825260 88240 0.01 0.03 0.00 2125340 6997912 2704 46861276 49649256 183976044 4461 4 65 5 0 1 1 1 1 1 0000003f 00000000 00000002 00000015 00000000 00000000 00000048 00000000
1346040045 13952.00 55495.38 0.00 0.47 0.07 0.19 0.01 0.00 0.00 99.08 7913500 7821988 91512 0.09 0.05 0.01 2125368 6997884 2704 46861276 50494076 183131224 4537 4 65 5 0 1 1 1 1 1 00000041 00000001 00000000 00000015 0000004d 00000000 0000004b 00000000
1346040065 13972.14 55571.13 0.00 0.47 0.07 0.19 0.01 0.00 0.00 99.07 7913500 7833384 80116 0.27 0.09 0.02 2125392 6997860 2704 46861276 52506080 181119220 4719 4 65 5 0 1 1 1 1 1 00000044 00000001 00000001 00000016 0000003a 00000000 0000004e 00000000
1346040086 13992.29 55646.94 0.00 0.47 0.07 0.19 0.01 0.00 0.00 99.06 7913500 7844228 69272 0.19 0.08 0.02 2125424 6997828 2704 46861276 54607012 179018288 4907 4 65 5 0 1 1 1 1 1 00000047 00000001 00000002 00000017 00000017 00000000 00000051 00000000
1346040106 14012.45 55722.96 0.00 0.48 0.08 0.19 0.01 0.00 0.00 99.06 7913500 7732452 181048 0.28 0.11 0.03 2125456 6997796 2704 46861276 56741292 176884008 5099 4 65 5 0 1 1 1 1 1 00000048 00000000 00000002 00000018 00000000 00000000 00000052 00000000
1346040126 14032.60 55802.75 0.00 0.48 0.08 0.19 0.01 0.00 0.00 99.06 7913500 7734084 179416 0.20 0.10 0.02 2125468 6997784 2704 46861276 56741292 176884008 5099 4 65 5 0 1 1 1 1 1 00000048 00000000 00000002 00000018 00000000 00000000 00000052 00000000
1346040146 14052.73 55882.91 0.00 0.48 0.08 0.19 0.01 0.00 0.00 99.06 7913500 7734516 178984 0.14 0.09 0.02 2125480 6997772 2728 46861252 56741292 176884008 5099 4 65 5 0 1 1 1 1 1 00000048 00000000 00000002 00000018 00000000 00000000 00000052 00000000
1346040166 14072.87 55963.12 0.00 0.48 0.08 0.19 0.01 0.00 0.00 99.06 7913500 7734656 178844 0.10 0.09 0.02 2125496 6997756 2736 46861244 56741292 176884008 5099 4 65 5 0 1 1 1 1 1 00000048 00000000 00000002 00000018 00000000 00000000 00000052 00000000
1346040186 14093.00 56043.52 0.00 0.48 0.08 0.19 0.01 0.00 0.00 99.06 7913500 7734796 178704 0.07 0.08 0.02 2125504 6997748 2744 46861236 56741292 176884008 5099 4 65 5 0 1 1 1 1 1 00000048 00000000 00000002 00000018 00000000 00000000 00000052 00000000
1346040206 14113.14 56123.60 0.00 0.48 0.08 0.19 0.01 0.00 0.00 99.06 7913500 7734920 178580 0.18 0.11 0.03 2125516 6997736 2744 46861236 56741292 176884008 5099 4 65 5 0 1 1 1 1 1 00000048 00000000 00000002 00000018 00000000 00000000 00000052 00000000
1346040227 14133.28 56203.49 0.00 0.48 0.08 0.19 0.01 0.00 0.00 99.06 7913500 7734796 178704 0.19 0.11 0.03 2125532 6997720 2752 46861228 56741292 176884008 5099 4 67 5 0 1 1 1 1 1 00000048 00000000 00000002 00000018 00000000 00000000 00000052 00000000
1346040247 14153.42 56283.52 0.00 0.48 0.08 0.19 0.01 0.00 0.00 99.06 7913500 7734804 178696 0.18 0.12 0.03 2125544 6997708 2760 46861220 56741292 176884008 5099 4 68 5 0 1 1 1 1 1 00000048 00000000 00000002 00000018 00000000 00000000 00000052 00000000
1346040267 14173.56 56363.45 0.00 0.48 0.08 0.19 0.01 0.00 0.00 99.06 7913500 7734532 178968 0.21 0.13 0.04 2125564 6997688 2764 46861216 56741292 176884008 5099 4 69 5 0 1 1 1 1 1 00000048 00000000 00000002 00000018 00000000 00000000 00000052 00000000
1346040287 14193.69 56444.20 0.00 0.48 0.08 0.19 0.01 0.00 0.00 99.06 7913500 7734656 178844 0.35 0.17 0.05 2125572 6997680 2768 46861212 56741292 176884008 5099 4 70 5 0 1 1 1 1 1 00000048 00000000 00000002 00000018 00000000 00000000 00000052 00000000
1346040307 14213.83 56524.06 0.00 0.48 0.08 0.19 0.01 0.00 0.00 99.06 7913500 7735424 178076 0.32 0.17 0.05 2125592 6997660 2768 46861212 56741292 176884008 5099 4 70 5 0 1 1 1 1 1 00000048 00000000 00000002 00000018 00000000 00000000 00000052 00000000
1346040327 14233.96 56604.61 0.00 0.48 0.08 0.19 0.01 0.00 0.00 99.06 7913500 7734804 178696 0.23 0.16 0.05 2125608 6997644 2768 46861212 56741292 176884008 5099 4 70 5 0 1 1 1 1 1 00000048 00000000 00000002 00000018 00000000 00000000 00000052 00000000
1346040347 14254.10 56684.85 0.00 0.48 0.08 0.19 0.01 0.00 0.00 99.06 7913500 7734960 178540 0.16 0.15 0.05 2125624 6997628 2768 46861212 56741292 176884008 5099 4 70 5 0 1 1 1 1 1 00000048 00000000 00000002 00000018 00000000 00000000 00000052 00000000
1346040367 14274.24 56765.27 0.00 0.48 0.08 0.19 0.01 0.00 0.00 99.06 7913500 7735184 178316 0.12 0.14 0.05 2125636 6997616 2768 46861212 56741292 176884008 5099 4 70 5 0 1 1 1 1 1 00000048 00000000 00000002 00000018 00000000 00000000 00000052 00000000
1346040388 14294.37 56845.47 0.00 0.48 0.08 0.19 0.01 0.00 0.00 99.06 7913500 7734920 178580 0.08 0.13 0.05 2125652 6997600 2768 46861212 56741292 176884008 5099 4 70 5 0 1 1 1 1 1 00000048 00000000 00000002 00000018 00000000 00000000 00000052 00000000
1346040408 14314.50 56925.45 0.00 0.48 0.08 0.19 0.01 0.00 0.00 99.06 7913500 7734936 178564 0.06 0.12 0.04 2125672 6997580 2768 46861212 56741292 176884008 5099 4 70 5 0 1 1 1 1 1 00000048 00000000 00000002 00000018 00000000 00000000 00000052 00000000
1346040428 14334.63 57005.48 0.00 0.48 0.08 0.19 0.01 0.00 0.00 99.06 7913500 7735184 178316 0.04 0.11 0.04 2125680 6997572 2768 46861212 56741292 176884008 5099 4 70 5 0 1 1 1 1 1 00000048 00000000 00000002 00000018 00000000 00000000 00000052 00000000
1346040448 14354.77 57085.46 0.00 0.48 0.08 0.19 0.01 0.00 0.00 99.06 7913500 7735284 178216 0.03 0.10 0.04 2125704 6997548 2784 46861196 56741292 176884008 5099 4 70 5 0 1 1 1 1 1 00000048 00000000 00000002 00000018 00000000 00000000 00000052 00000000
1346040468 14374.90 57166.08 0.00 0.48 0.08 0.19 0.01 0.00 0.00 99.06 7913500 7735060 178440 0.02 0.09 0.04 2125716 6997536 2792 46861188 56741292 176884008 5099 4 70 5 0 1 1 1 1 1 00000048 00000000 00000002 00000018 00000000 00000000 00000052 00000000
1346040488 14395.04 57246.24 0.00 0.48 0.08 0.19 0.01 0.00 0.00 99.06 7913500 7735408 178092 0.01 0.09 0.04 2125728 6997524 2800 46861180 56741292 176884008 5099 4 70 5 0 1 1 1 1 1 00000048 00000000 00000002 00000018 00000000 00000000 00000052 00000000
1346040508 14415.17 57326.71 0.00 0.48 0.08 0.19 0.01 0.00 0.00 99.06 7913500 7734912 178588 0.01 0.08 0.04 2125748 6997504 2808 46861172 56741292 176884008 5099 4 70 5 0 1 1 1 1 1 00000048 00000000 00000002 00000018 00000000 00000000 00000052 00000000
1346040529 14435.30 57406.63 0.00 0.48 0.08 0.19 0.01 0.00 0.00 99.06 7913500 7735152 178348 0.23 0.12 0.05 2125760 6997492 2808 46861172 56741292 176884008 5099 4 70 5 0 1 1 1 1 1 00000048 00000000 00000002 00000018 00000000 00000000 00000052 00000000
1346040549 14455.44 57486.46 0.00 0.48 0.08 0.19 0.01 0.00 0.00 99.06 7913500 7735036 178464 0.37 0.16 0.06 2125780 6997472 2808 46861172 56741292 176884008 5099 4 70 5 0 1 1 1 1 1 00000048 00000000 00000002 00000018 00000000 00000000 00000052 00000000
1346040569 14475.57 57566.55 0.00 0.48 0.08 0.19 0.01 0.00 0.00 99.06 7913500 7735160 178340 0.26 0.15 0.06 2125792 6997460 2812 46861168 56741292 176884008 5099 4 70 5 0 1 1 1 1 1 00000048 00000000 00000002 00000018 00000000 00000000 00000052 00000000
